Vid_pltform,Vid_type,Vid_id,pkt_count_dl,frame_sum_dl
1,0,48,0,877832.0144880002
1,0,48,544.2314240000004,0
1,0,48,0,0
1,0,48,0,0
1,0,48,435.96916000000004,335476.5324880006
1,0,48,551.425052,12123.341991999976
1,0,48,435.8148928,783450.268392
1,0,48,73.96438400000159,665417.4987280001
1,0,48,6.996166399999993,799674.8827264002
1,0,48,722.1663352,876251.9572000001
1,0,48,408.6721120000001,554030.937816
1,0,48,722.8485760000001,188048.35392
1,0,48,807.4857952000001,1054573.236172
1,0,48,440.098544,723397.0833023998
1,0,48,858.7078048,780015.0130344001
1,0,48,565.6581920000001,1026064.4815760001
1,0,48,436.32615999999996,1636.5036799999775
1,0,48,689.8338272,563558.711839999
1,0,48,819.5650856,757664.039104
1,0,48,679.8017199999997,424540.38583999965
1,0,48,484.6527039999996,1061147.6308864
1,0,48,505.78690159999985,555287.1477984
1,0,48,622.297684,1032890.4836863999
1,0,48,834.4679199999999,1028921.879408
1,0,48,15.901264000000026,786188.3787904
1,0,48,723.431968,933733.2627200002
1,0,48,323.34919680000127,708885.0049279998
1,0,48,406.91387199999986,232.0
1,0,48,551.9335952000001,703681.086688
1,0,48,399.70512,927341.33984
1,0,48,628.632016,190569.74847999998
1,0,48,16.845371999999998,831539.1750000009
1,0,48,718.7923199999997,797004.86424
1,0,48,819.8756000000002,2714.694815999984
1,0,48,603.4117600000002,914924.7076719999
1,0,48,523.8283712000001,506427.65105999983
1,0,48,622.6109919999999,862691.8491663993
1,0,48,284.49272559999997,1037479.8503167998
1,0,48,15.0,923342.9686799998
1,0,48,651.0920864000001,558262.51722
1,0,48,600.0,842652.8921599998
1,0,48,377.92574400000206,428.47385600002326
1,0,48,585.7173399999999,757315.428472
1,0,48,615.0,66.0
1,0,48,609.566944,878501.4364799999
1,0,48,818.4843920000001,757564.0345887999
1,0,48,622.7226736,39380.89033600003
1,0,48,591.826408,803638.48288
1,0,48,815.82492,17609.993952
1,0,48,792.3018112,255.8538560000004
1,0,48,15.0,657476.19928
1,0,48,520.75192,828459.3189600005
1,0,48,480.80449600000014,1034883.3734528001
1,0,48,4.0,757460.858944
1,0,48,593.0891199999999,1089979.6042880001
1,0,48,839.7585920000001,75126.03005440338
1,0,48,834.349936,1013783.523072
1,0,48,557.784424,358832.6663912
1,0,48,0,0
1,0,48,666.9895040000001,0
1,0,48,15.0,189359.03587200004
1,0,48,0,0
1,0,48,0,0
1,0,48,0,0
1,0,48,0,0
1,0,48,0,0
1,0,48,2.0,1692.3929599999974
1,0,48,0,0
1,0,48,0,0
1,0,48,811.134016,848318.9245904002
1,0,48,0,859.1962879999951
1,0,48,0,0
1,0,48,28.354295999999863,0
1,0,48,0,0
1,0,48,0,0
1,0,48,12.929088000000007,0
1,0,48,0,0
1,0,48,0,0
1,0,48,0,0
1,0,48,594.6266799999999,1030228.4904080001
1,0,48,1.0,0
1,0,48,0,0
1,0,48,0,0
1,0,48,0,0
1,0,48,0,0
1,0,48,1.0,0
1,0,48,0,0
1,0,48,0,0
1,0,48,531.4665920000001,101528.65139199891
1,0,48,753.8520320000002,13871.80017999999
1,0,48,0,0
1,0,48,0,0
1,0,48,615.0,488798.15676000004
1,0,48,15.182296000000008,6484.6007039999695
1,0,48,0,0
1,0,48,0,0
1,0,48,405.1948144000002,18259.106240000263
1,0,48,2.0,1035016.883072
1,0,48,0,0
1,0,48,0,0
1,0,48,399.4524,287244.29966399947
1,0,48,0,0
1,0,48,0,0
1,0,48,0,0
1,0,48,4.0,357284.5300479999
1,0,48,149.082688,193.69595280000024
1,0,48,0,0
1,0,48,0,0
1,0,48,514.0,17636.030496
1,0,48,2.0,936498.8619199996
1,0,48,0,0
1,0,48,0,158.0
1,0,48,9.0,756187.2718847999
1,0,48,1.0,8245.177531200014
1,0,48,0,0
1,0,48,0,0
1,0,48,0,17669.898496
1,0,48,816.10032,69.0
1,0,48,0,0
1,0,48,2.0,158.0
1,0,48,315.5883887999995,0
1,0,48,0,0
1,0,48,0,0
1,0,48,0,0
1,0,48,592.9273600000001,12935.521863999975
1,0,48,0,0
1,0,48,0,0
1,0,48,0,0
1,0,48,470.1685840000001,671478.1380752003
1,0,48,625.921888,876245.47
1,0,48,16.0,190640.445568
1,0,48,0,0
1,0,48,0,0
1,0,48,0,0
1,0,48,433.75608400000027,14102.793711999986
1,0,48,15.0,408579.79807999905
1,0,48,351.6728976000004,776207.9931552002
1,0,48,722.732512,702381.2437839999
1,0,48,0,0
1,0,48,0,0
1,0,48,16.0,791180.6541568001
1,0,48,0,0
1,0,48,0,0
1,0,48,0,0
1,0,48,615.0,24786.788095999924
1,0,48,0,0
1,0,48,0,0
1,0,48,0,0
1,0,48,2.3100080000000105,0
1,0,48,4.0,357875.29619200004
1,0,48,603.6420639999997,17566.155328
1,0,48,653.6543360000001,210598.90144
1,0,48,722.5016800000001,1664.6090239999835
1,0,48,600.0,760860.7139776001
1,0,48,0,0
1,0,48,0,0
1,0,48,0,69.0
1,0,48,0,0
1,0,48,0,0
1,0,48,407.4008656,758921.7148
1,0,48,722.8112391999999,743606.4282479999
1,0,48,0,0
1,0,48,0,0
1,0,48,0,0
1,0,48,0,0
1,0,48,1.0,0
1,0,48,0,0
1,0,48,0,67.83968000000002
1,0,48,0,0
1,0,48,76.73437760000161,581051.1158719994
1,0,48,540.213824,770427.0374656003
1,0,48,1.0,555961.4790816
1,0,48,0,66.0
1,0,48,0,0
1,0,48,0,0
1,0,48,0,0
1,0,48,0,0
1,0,48,0,0
1,0,48,0,0
1,0,48,148.0,790134.1020544
1,0,48,576.0973759999999,546886.1688400005
1,0,48,514.0,773538.7992192
1,0,48,0,0
1,0,48,0,0
1,0,48,310.531944,355682.0719744
1,0,48,324.14879999999914,612896.963552
1,0,48,555.2117727999998,12956.328539200007
1,0,48,0,0
1,0,48,443.5445503999998,770477.7192640002
1,0,48,750.5310080000004,926038.1024
1,0,48,0,0
1,0,48,0,136.78903199999985
1,0,48,148.0,491617.77378000034
1,0,48,0,0
1,0,48,0,0
1,0,48,0,0
1,0,48,1.0,703408.632616
1,0,48,169.98362560000024,31529.41035200011
1,0,48,0,0
1,0,48,1.0,232.0
1,0,48,319.714392,355909.89740799996
1,0,48,1.0,220351.16872000063
1,0,48,0,0
1,0,48,0,0
1,0,48,0,0
1,0,48,0,0
1,0,48,0,0
1,0,48,0,0
1,0,48,0,0
1,0,48,0,0
1,0,48,0,0
1,0,48,0,0
1,0,48,0,0
1,0,48,15.0,0
1,0,48,0,0
1,0,48,0,0
1,0,48,0,0
1,0,48,437.82716800000003,0
1,0,48,15.0,0
1,0,48,0,0
1,0,48,4.0,0
1,0,48,0,0
1,0,48,0,0
1,0,48,0,0
1,0,48,0,0
1,0,48,15.0,66.0
1,0,48,0,0
1,0,48,0,0
1,0,48,0,0
1,0,48,0,0
1,0,48,0,0
1,0,48,0,0
1,0,48,0,0
1,0,48,0,322.1639680000004
1,0,48,0,0
1,0,48,0,0
1,0,48,0,0
1,0,48,0,0
1,0,48,0,0
1,0,48,0,0
1,0,48,15.0,277.2761504
1,0,48,151.0,665492.0879200001
1,0,48,596.54038,189881.25316800002
1,0,48,0,0
1,0,48,0,0
1,0,48,407.92323999999996,15028.713884800025
1,0,48,626.193088,203967.63016
1,0,48,402.37527999999986,775150.355184
1,0,48,16.0,621937.4718000002
1,0,48,16.257576,925672.92128
1,0,48,733.9723903999986,1027586.1035600001
1,0,48,688.0,758788.7457280001
1,0,48,614.97592,401690.74159999867
1,0,48,833.9360000000001,1046011.595968
1,0,48,15.0,3832.1942399999743
1,0,48,838.598888,923461.6346639998
1,0,48,205.41241599999967,873266.2596400002
1,0,48,406.50411999999994,97.57166399999957
1,0,48,818.997296,17557.6938112
1,0,48,873.8752720000002,624159.2682000002
1,0,48,784.386688,889753.5099519998
1,0,48,622.8785296,1030819.6980103999
1,0,48,553.8011888,50106.27236319995
1,0,48,607.84336,1022424.1032
1,0,48,815.450112,1022529.51984
1,0,48,513.0635840000002,775123.117056
1,0,48,615.0,602158.3645759998
1,0,48,454.67920000000026,750998.9091240001
1,0,48,584.3836160000001,191386.3464160003
1,0,48,474.06937600000026,797373.9661600001
1,0,48,856.9058272,1022519.6443200001
1,0,48,723.821488,642367.4276800002
1,0,48,245.80460080000094,934987.9051999999
1,0,48,623.7445024,929808.1560799999
1,0,48,809.4557632,69.0
1,0,48,2.780383999999998,876254.4850000001
1,0,48,688.0942688,184771.58549440003
1,0,48,686.8786,1023101.0096720001
1,0,48,288.5715328000003,1057511.777344
1,0,48,16.0,876235.24822
1,0,48,702.287664,941761.8880639984
1,0,48,590.5628439999999,673945.728416
1,0,48,196.39536640000006,540984.433744
1,0,48,585.68092,562918.796188
1,0,48,151.0,17631.379872
1,0,48,673.591,848135.277728
1,0,48,673.5449199999999,557897.84928
1,0,48,625.1097279999999,574125.3688111999
1,0,48,662.3096959999998,928264.9491200001
1,0,48,700.7111231999997,557604.12312
1,0,48,698.7601247999999,0
1,0,48,583.4211200000002,304654.59405760176
1,0,48,167.04717039999977,869131.5989800002
1,0,48,54.02463120000033,1031639.7593360001
1,0,48,439.19244159999994,190620.2226688
1,0,48,641.2450240000001,1038301.6410367999
1,0,48,623.325328,766000.3327360002
1,0,48,842.1134480000001,1071968.3394959997
1,0,48,439.1355520000001,783411.8817360002
1,0,48,0,54.526137600000794
1,0,48,625.4122816,0
1,0,48,16.605446400000005,255209.17072000031
1,0,48,0,0
1,0,48,0,0
1,0,48,0,0
1,0,48,0,0
1,0,48,0,0
1,0,48,0,363706.17963200004
1,0,48,0,0
1,0,48,0,0
1,0,48,836.208992,625174.0149000001
1,0,48,0,17615.9634
1,0,48,0,0
1,0,48,148.616776,0
1,0,48,0,0
1,0,48,0,66.0
1,0,48,16.0,0
1,0,48,0,0
1,0,48,0,0
1,0,48,0,0
1,0,48,518.2687119999998,1035250.8189439999
1,0,48,2.0,66.0
1,0,48,0,0
1,0,48,0,0
1,0,48,0,0
1,0,48,0,0
1,0,48,1.0,0
1,0,48,0,0
1,0,48,0,0
1,0,48,605.71888,494481.4735199999
1,0,48,803.8503039999999,416922.1253263987
1,0,48,0,0
1,0,48,0,0
1,0,48,52.41531600000019,17658.642624
1,0,48,1.620363999999995,158.0
1,0,48,0,0
1,0,48,0,0
1,0,48,552.400184,15980.399293600032
1,0,48,17.0,1027768.6419560001
1,0,48,0,0
1,0,48,0,0
1,0,48,405.65532639999986,212753.03979999994
1,0,48,0,0
1,0,48,0,0
1,0,48,0,0
1,0,48,15.0,259135.9765120003
1,0,48,16.0,8559.756407999954
1,0,48,0,0
1,0,48,0,0
1,0,48,714.54864,361512.57946399995
1,0,48,4.0,903541.1989119999
1,0,48,0,0
1,0,48,0,0
1,0,48,2.0,665449.4368
1,0,48,1.0,0
1,0,48,0,0
1,0,48,0,0
1,0,48,1.0,17613.1814112
1,0,48,857.6587264000001,232.0
1,0,48,0,0
1,0,48,15.0,341.5909479999993
1,0,48,437.84238400000004,17609.4168768
1,0,48,0,0
1,0,48,0,0
1,0,48,0,0
1,0,48,688.0,0
1,0,48,0,0
1,0,48,0,0
1,0,48,0,0
1,0,48,626.3351392000001,560766.409
1,0,48,579.47,789109.429504
1,0,48,409.57868800000006,846427.4552839999
1,0,48,0,0
1,0,48,0,0
1,0,48,0,0
1,0,48,1.3059520000000049,231750.81855999993
1,0,48,13.384560000000022,560242.3443999998
1,0,48,17.0,691003.6770639999
1,0,48,802.2425440000001,794723.3813055999
1,0,48,0,0
1,0,48,0,0
1,0,48,417.4752111999998,647942.0892399994
1,0,48,0,0
1,0,48,0,0
1,0,48,0,0
1,0,48,514.0,414117.24968000094
1,0,48,0,0
1,0,48,0,0
1,0,48,0,0
1,0,48,16.0,5163.470208000015
1,0,48,14.051114400000046,601496.8427600001
1,0,48,530.6871199999998,231.78894000000062
1,0,48,517.5800128,4423.323359999996
1,0,48,654.9779552,10183.619648
1,0,48,424.74234399999955,772415.9734392001
1,0,48,0,0
1,0,48,0,0
1,0,48,0,0
1,0,48,0,0
1,0,48,0,0
1,0,48,219.60177279999982,845833.957424
1,0,48,606.8133760000001,913798.759312
1,0,48,0,0
1,0,48,0,0
1,0,48,0,0
1,0,48,0,0
1,0,48,0,66.0
1,0,48,0,0
1,0,48,288.4996480000001,66.0
1,0,48,0,0
1,0,48,637.8614799999998,758693.991616
1,0,48,703.5491039999998,1022532.4164
1,0,48,16.0,478036.9828928002
1,0,48,0,0
1,0,48,0,0
1,0,48,0,0
1,0,48,0,0
1,0,48,0,0
1,0,48,0,0
1,0,48,0,0
1,0,48,17.0,797436.32296
1,0,48,622.5280720000001,17663.683960000002
1,0,48,521.487392,775377.8719872001
1,0,48,0,0
1,0,48,0,0
1,0,48,427.7124208000002,18390.161791999595
1,0,48,402.2202568,17600.592624
1,0,48,4.240335200000004,17752.474287999998
1,0,48,0,225.3246480000001
1,0,48,16.0,796193.5374599999
1,0,48,859.7303199999999,558584.1234640001
1,0,48,0,0
1,0,48,0,0
1,0,48,614.3880400000003,703444.48288
1,0,48,0,0
1,0,48,0,0
1,0,48,2.0,10170.14672
1,0,48,17.010080000000016,610650.0330127999
1,0,48,15.0,545667.1934800004
1,0,48,0,0
1,0,48,15.0,68.56752799999998
1,0,48,16.0,512991.71606399945
1,0,48,3.0,288.098072
1,0,48,0,0
1,0,48,0,0
1,0,48,0,0
1,0,48,0,0
1,0,48,0,0
1,0,48,0,0
1,0,48,0,0
1,0,48,0,0
1,0,48,0,0
1,0,48,0,0
1,0,48,0,0
1,0,48,4.0,0
1,0,48,0,0
1,0,48,0,0
1,0,48,0,0
1,0,48,2.0,166.02216000000004
1,0,48,16.0,0
1,0,48,0,0
1,0,48,399.6099648,0
1,0,48,0,0
1,0,48,0,0
1,0,48,0,0
1,0,48,0,0
1,0,48,0,350.0
1,0,48,0,0
1,0,48,0,0
1,0,48,0,0
1,0,48,0,0
1,0,48,0,0
1,0,48,0,0
1,0,48,0,0
1,0,48,0,14654.110189600013
1,0,48,0,0
1,0,48,0,0
1,0,48,0,0
1,0,48,0,0
1,0,48,0,0
1,0,48,0,0
1,0,48,15.0,350.0
1,0,48,175.24926400000018,794620.7329792
1,0,48,688.0,135.3275567999998
1,0,48,0,0
1,0,48,0,0
1,0,48,282.73669599999994,433930.8526399974
1,0,48,75.03007999999932,52084.846576000025
1,0,48,520.4610280000002,807393.0760799998
1,0,48,151.0,695374.5133623998
1,0,48,1.0,803011.1249727999
1,0,48,803.90236,817680.374147999
1,0,48,184.5499840000001,794239.0887040001
1,0,48,653.862368,759742.8432544
1,0,48,816.3393599999999,1088548.9930111999
1,0,48,398.2357296,561496.2465039999
1,0,48,869.6577759999999,1040023.002752
1,0,48,452.83312,763419.731104
1,0,48,718.6133663999998,10194.498656000002
1,0,48,804.2867679999999,36756.99324799932
1,0,48,835.599112,665320.9552
1,0,48,723.1137928,760954.3691919999
1,0,48,801.473696,1033719.4453759999
1,0,48,627.810496,542749.0653039998
1,0,48,585.78568,797413.5952
1,0,48,812.4292320000001,1049392.0649800005
1,0,48,604.6885599999998,823570.0044239999
1,0,48,831.8628799999999,660503.9346400006
1,0,48,621.5527840000001,775010.8845600002
1,0,48,724.0,5363.1617280000155
1,0,48,622.326832,792831.50512
1,0,48,723.682048,1045036.4572960001
1,0,48,805.9979199999998,212918.22975999996
1,0,48,552.957212,876259.6527999999
1,0,48,653.1495296,923845.2582960002
1,0,48,688.0,66.0
1,0,48,626.7846016,1007008.8261120004
1,0,48,516.1435623999998,9441.112920000025
1,0,48,801.598424,792053.7155200001
1,0,48,481.1418400000001,1034339.9689088002
1,0,48,316.3805471999995,935391.6394399999
1,0,48,775.2552319999993,912891.260488
1,0,48,546.0432320000001,796585.645176
1,0,48,598.94992,25101.414368000285
1,0,48,688.0,181537.44029199958
1,0,48,651.2388799999998,66.0
1,0,48,567.0707359999997,929382.5053999998
1,0,48,840.181112,594123.2062856003
1,0,48,557.5898799999999,9735.916848000023
1,0,48,723.7494544,966988.9216159997
1,0,48,782.021248,689554.1313039998
1,0,48,689.8869296,0
1,0,48,625.452448,757845.6859648
1,0,48,148.0,788459.991808
1,0,48,519.4128928000002,870233.0311840001
1,0,48,398.002272,775456.8197759999
1,0,48,615.499912,946358.9015840001
1,0,48,723.859948,703659.895228
1,0,48,835.1705919999999,1025226.3308959999
1,0,48,629.07976,755942.242176
1,0,48,0,0
1,0,48,798.3519999999999,158.0
1,0,48,2.0,17608.305648
1,0,48,0,0
1,0,48,0,0
1,0,48,0,158.0
1,0,48,0,0
1,0,48,0,0
1,0,48,7.824703999999997,2315.5723199999793
1,0,48,0,186298.59593679995
1,0,48,0,0
1,0,48,801.627608,782878.581408
1,0,48,1.0,794946.5488768
1,0,48,0,0
1,0,48,4.7631199999999865,0
1,0,48,0,0
1,0,48,0,0
1,0,48,0,0
1,0,48,0,0
1,0,48,0,0
1,0,48,0,0
1,0,48,540.2764639999999,1003493.9616704006
1,0,48,3.6834976000000097,112.26579839999917
1,0,48,0,0
1,0,48,0,0
1,0,48,0,0
1,0,48,0,0
1,0,48,0,0
1,0,48,0,0
1,0,48,0,0
1,0,48,724.0,993.1877120000313
1,0,48,716.3530944000001,17764.016852800003
1,0,48,0,0
1,0,48,0,0
1,0,48,551.5574959999999,245924.74647999997
1,0,48,1.0,458395.35564799834
1,0,48,0,0
1,0,48,0,0
1,0,48,609.8443359999999,465396.1398559972
1,0,48,23.252303999999555,1037055.0538496
1,0,48,0,0
1,0,48,0,0
1,0,48,651.6834080000001,669285.4576111997
1,0,48,0,0
1,0,48,0,0
1,0,48,0,0
1,0,48,16.203096000000045,772324.1079599999
1,0,48,38.93632080000012,242.70367999999974
1,0,48,0,0
1,0,48,0,0
1,0,48,609.7572160000002,383.32145600000064
1,0,48,36.150662400000215,876237.6988
1,0,48,0,0
1,0,48,0,0
1,0,48,463.8945279999999,703648.4419215999
1,0,48,0,0
1,0,48,0,0
1,0,48,0,0
1,0,48,0,366986.1473120005
1,0,48,759.6231679999992,66.0
1,0,48,0,0
1,0,48,0,158.0
1,0,48,4.0,0
1,0,48,0,0
1,0,48,0,0
1,0,48,0,0
1,0,48,615.0,10192.416799999999
1,0,48,0,0
1,0,48,0,0
1,0,48,0,0
1,0,48,674.7205,794008.9823872
1,0,48,840.0333439999999,715462.0512000002
1,0,48,35.900064000000015,878255.6419200001
1,0,48,0,0
1,0,48,0,0
1,0,48,0,0
1,0,48,290.7283888000002,66.0
1,0,48,1.0,17620.005168000003
1,0,48,546.6523520000001,557636.49
1,0,48,729.3996991999986,1022478.123072
1,0,48,0,0
1,0,48,0,0
1,0,48,17.0,779013.8677199999
1,0,48,0,0
1,0,48,0,0
1,0,48,0,0
1,0,48,154.23788799999986,405253.1388800003
1,0,48,0,0
1,0,48,0,0
1,0,48,0,0
1,0,48,149.6701864000001,350.0
1,0,48,17.0,783246.8495807998
1,0,48,610.50004,66.0
1,0,48,696.2660160000003,217673.37213759992
1,0,48,600.0,271359.2725631996
1,0,48,519.1401279999998,878334.03972
1,0,48,0,0
1,0,48,0,0
1,0,48,0,0
1,0,48,0,0
1,0,48,0,0
1,0,48,554.0927919999999,918324.776352
1,0,48,794.280448,844659.9281407997
1,0,48,0,0
1,0,48,0,0
1,0,48,0,0
1,0,48,0,0
1,0,48,4.0,202.52577600000035
1,0,48,0,0
1,0,48,461.93632000000014,158.0991631999999
1,0,48,0,0
1,0,48,654.02,17616.3430848
1,0,48,717.2359679999997,836755.1832319999
1,0,48,2.0,557924.5159199999
1,0,48,0,190601.824384
1,0,48,0,0
1,0,48,0,0
1,0,48,0,0
1,0,48,0,0
1,0,48,0,0
1,0,48,0,0
1,0,48,398.0300784,769347.8525440001
1,0,48,536.6155663999996,796226.721864
1,0,48,631.09276,754275.3549696
1,0,48,0,0
1,0,48,0,0
1,0,48,634.7978079999992,358613.6778152001
1,0,48,173.30596,15628.45312000001
1,0,48,525.7967359999998,17671.177576000002
1,0,48,0,0
1,0,48,524.4428479999999,794542.4564992001
1,0,48,814.0294080000001,734814.6853319999
1,0,48,0,0
1,0,48,0,0
1,0,48,439.2769023999999,183402.13062399995
1,0,48,0,0
1,0,48,0,0
1,0,48,8.006047999999964,69.0
1,0,48,1.2733120000000042,359292.00946400006
1,0,48,177.31973679999956,187645.85003200002
1,0,48,0,0
1,0,48,11.944531199999972,17615.85732
1,0,48,16.0,39446.56283200011
1,0,48,150.55148799999998,0
1,0,48,0,0
1,0,48,0,0
1,0,48,0,0
1,0,48,0,0
1,0,48,0,0
1,0,48,0,0
1,0,48,0,0
1,0,48,0,0
1,0,48,0,0
1,0,48,0,0
1,0,48,0,0
1,0,48,2.0,0
1,0,48,0,0
1,0,48,0,0
1,0,48,0,0
1,0,48,16.0,340896.12489759986
1,0,48,2.0,2162.141534400019
1,0,48,0,0
1,0,48,4.0,0
1,0,48,0,0
1,0,48,0,0
1,0,48,0,0
1,0,48,0,0
1,0,48,0,233.93273600000043
1,0,48,0,0
1,0,48,0,0
1,0,48,0,0
1,0,48,0,0
1,0,48,0,0
1,0,48,0,0
1,0,48,0,0
1,0,48,0,17534.594308
1,0,48,0,0
1,0,48,0,0
1,0,48,0,0
1,0,48,0,0
1,0,48,0,0
1,0,48,0,0
1,0,48,30.46789199999995,0
1,0,48,615.6046936,797433.4163200001
1,0,48,596.874328,158.0
1,0,48,0,0
1,0,48,0,0
1,0,48,600.225136,369.9962000000001
1,0,48,644.3583088,8463.55946400002
1,0,48,54.67256160000005,250772.5144959999
1,0,48,151.0,845017.625096
1,0,48,0,557969.34798
1,0,48,801.075128,791641.1056
1,0,48,624.0189088,861379.4446576003
1,0,48,802.240816,210907.56244
1,0,48,835.826104,1092353.1397999998
1,0,48,15.0,706581.0415999999
1,0,48,848.5754336,772736.3334
1,0,48,416.93891199999985,845484.4051999999
1,0,48,627.793408,763621.7843248001
1,0,48,722.3394880000001,300.85904959999993
1,0,48,688.7564815999999,840933.6577279998
1,0,48,688.7255552,750937.6760399998
1,0,48,679.1682280000007,1061138.3550975998
1,0,48,178.70449600000012,762916.936768
1,0,48,669.8376319999998,938729.9896640006
1,0,48,845.35232,1114071.0069920002
1,0,48,416.6221312,485949.21637599997
1,0,48,725.697920000001,17819.734312
1,0,48,412.88723200000004,775407.2920176
1,0,48,688.996544,394033.44224000076
1,0,48,600.0,1022345.0796
1,0,48,791.4012159999997,1120281.2292344004
1,0,48,656.1640160000001,554357.38476
1,0,48,514.0,931336.21352
1,0,48,722.7879760000001,797443.52224
1,0,48,622.670104,557177.78448
1,0,48,465.73072,872466.0113199998
1,0,48,625.423072,557776.539
1,0,48,630.1176400000002,768867.543328
1,0,48,559.5077679999999,865554.2123080001
1,0,48,467.74636000000066,757577.497648
1,0,48,791.2750719999999,213071.55992800003
1,0,48,688.8605600000001,189183.7885488
1,0,48,615.0,0
1,0,48,724.0,703732.4182887999
1,0,48,724.0,15831.099927999967
1,0,48,616.1007640000001,615211.3259999998
1,0,48,814.69788,17568.916288
1,0,48,0,783965.0304024
1,0,48,723.999328,1027041.4564760003
1,0,48,871.6183791999993,808956.7801199994
1,0,48,692.0280960000001,0
1,0,48,617.173192,550445.0827119998
1,0,48,537.3565759999999,957654.7717040009
1,0,48,514.0,948804.5783312002
1,0,48,414.37772800000016,665542.78192
1,0,48,522.7719872000001,1089054.972224
1,0,48,803.9654320000001,656339.8016800005
1,0,48,874.5113439999999,784040.7526512
1,0,48,553.229048,559340.2240599999
1,0,48,0,0
1,0,48,808.4621440000001,192683.3296000001
1,0,48,279.8632287999999,665729.0632
1,0,48,0,0
1,0,48,0,0
1,0,48,0,0
1,0,48,0,0
1,0,48,0,0
1,0,48,4.0,561097.6526560001
1,0,48,0,0
1,0,48,0,0
1,0,48,689.6557760000001,519899.1475920008
1,0,48,0,0
1,0,48,0,0
1,0,48,15.74848,0
1,0,48,0,0
1,0,48,0,0
1,0,48,16.953959999999995,280.6640960000011
1,0,48,0,0
1,0,48,0,0
1,0,48,0,0
1,0,48,688.0,841035.734912
1,0,48,1.0,68.247176
1,0,48,0,0
1,0,48,0,0
1,0,48,0,0
1,0,48,0,0
1,0,48,0,0
1,0,48,0,0
1,0,48,0,0
1,0,48,532.4567360000002,204887.69759199998
1,0,48,840.4192928,584026.3016000008
1,0,48,0,0
1,0,48,0,0
1,0,48,598.8379600000001,89776.37132800142
1,0,48,0,159.9311312000001
1,0,48,0,0
1,0,48,1.0,0
1,0,48,406.2857440000001,211504.30103200002
1,0,48,1.0,926957.0628800001
1,0,48,0,0
1,0,48,0,0
1,0,48,514.0,7635.390708000017
1,0,48,0,0
1,0,48,0,0
1,0,48,0,0
1,0,48,1.0,665129.6812
1,0,48,2.5749919999999804,0
1,0,48,0,0
1,0,48,0,0
1,0,48,611.1802,390.09521600000085
1,0,48,9.0,914122.28584
1,0,48,0,0
1,0,48,0,0
1,0,48,514.0,202369.0402240001
1,0,48,1.0,0
1,0,48,0,0
1,0,48,0,0
1,0,48,0.8937808000000018,152.14291199999974
1,0,48,857.108704,541478.2011279999
1,0,48,0,0
1,0,48,0,0
1,0,48,323.1844607999998,0
1,0,48,0,0
1,0,48,0,0
1,0,48,0,0
1,0,48,571.8812479999999,189976.89528960004
1,0,48,0,0
1,0,48,0,0
1,0,48,0,0
1,0,48,288.6896560000003,778366.5078432001
1,0,48,734.7201920000011,802110.0655360001
1,0,48,398.69519999999994,143049.44704000076
1,0,48,0,0
1,0,48,0,0
1,0,48,0,0
1,0,48,2.0,200653.33899999986
1,0,48,17.0,378474.72896000056
1,0,48,29.59787999999992,488847.70190400025
1,0,48,798.938008,232295.2990815998
1,0,48,0,0
1,0,48,0,0
1,0,48,15.0,17616.411180000003
1,0,48,0,0
1,0,48,0,0
1,0,48,0,0
1,0,48,182.5434784000001,610956.5696720001
1,0,48,0,0
1,0,48,0,0
1,0,48,0,0
1,0,48,400.94384800000023,363033.38729600003
1,0,48,4.0,262290.5264559999
1,0,48,551.53586,17612.69328
1,0,48,587.97862,210467.95708000008
1,0,48,514.0,232133.49760000032
1,0,48,622.603312,556178.3418480001
1,0,48,0,0
1,0,48,0,0
1,0,48,0,0
1,0,48,0,0
1,0,48,0,0
1,0,48,178.13277760000005,802579.4627200001
1,0,48,193.46636799999987,876253.7254
1,0,48,0,0
1,0,48,0,0
1,0,48,0,0
1,0,48,0,0
1,0,48,2.0,0
1,0,48,0,0
1,0,48,51.736103999999955,369125.97896000056
1,0,48,0,0
1,0,48,615.0,589055.27984
1,0,48,622.3393264,776799.2601840001
1,0,48,16.0,569688.8780599999
1,0,48,0,0
1,0,48,0,0
1,0,48,0,0
1,0,48,0,0
1,0,48,0,0
1,0,48,0,0
1,0,48,0,0
1,0,48,436.977088,353573.9092864001
1,0,48,569.9810336,323770.6790319996
1,0,48,422.28985600000016,706632.808256
1,0,48,0,0
1,0,48,0,0
1,0,48,552.5299064000001,665648.5662400001
1,0,48,483.34935999999936,211769.172724
1,0,48,530.1478399999999,68.272736
1,0,48,0,0
1,0,48,515.629768,727709.5543680001
1,0,48,695.1907679999999,608797.2110192005
1,0,48,0,0
1,0,48,0,0
1,0,48,622.39192,386216.1521120009
1,0,48,0,0
1,0,48,0,0
1,0,48,0,0
1,0,48,2.0,17663.868028
1,0,48,1.0,38990.32613440009
1,0,48,0,0
1,0,48,1.0,0
1,0,48,434.1443968,147192.6903039985
1,0,48,17.0,209189.48670399998
1,0,48,0,0
1,0,48,0,0
1,0,48,0,0
1,0,48,2.061464000000001,0
1,0,48,0,67.78716799999998
1,0,48,0,0
1,0,48,0,0
1,0,48,0,0
1,0,48,0,0
1,0,48,0,0
1,0,48,0,0
1,0,48,0,0
1,0,48,0,0
1,0,48,0,0
1,0,48,0,0
1,0,48,151.0,0
1,0,48,514.0,65.57437919999992
1,0,48,0,0
1,0,48,16.0,0
1,0,48,0,0
1,0,48,0,0
1,0,48,0,0
1,0,48,0,0
1,0,48,15.0,208.47181200000037
1,0,48,0,0
1,0,48,0,0
1,0,48,0,0
1,0,48,0,0
1,0,48,0,0
1,0,48,0,0
1,0,48,0,0
1,0,48,0,167743.51183360026
1,0,48,0,0
1,0,48,0,0
1,0,48,0,0
1,0,48,0,0
1,0,48,0,0
1,0,48,0,0
1,0,48,0,0
1,0,48,619.0261312,916450.6103999998
1,0,48,576.0555919999999,0
1,0,48,0,0
1,0,48,0,0
1,0,48,616.5375472000002,654774.7628800003
1,0,48,601.1655999999999,558652.192
1,0,48,626.5041664,854195.7628599999
1,0,48,15.0,782874.925536
1,0,48,0,28248.00240319945
1,0,48,877.8613280000001,797276.83792
1,0,48,559.4388879999999,709493.51264
1,0,48,872.4868480000004,644886.77464
1,0,48,879.55712,1084678.4325
1,0,48,588.61108,603929.7846800003
1,0,48,945.3078223999998,918427.140696
1,0,48,648.5460079999999,801567.5701311997
1,0,48,593.35564,554100.2581679999
1,0,48,837.1196984000001,17601.3613248
1,0,48,824.5426399999999,773646.5538240001
1,0,48,643.9492479999992,762297.5026720001
1,0,48,838.7675120000001,1122935.3812399993
1,0,48,202.95216640000035,730219.7154911995
1,0,48,435.926176,1067372.336784
1,0,48,891.4905072000001,1128748.84694
1,0,48,647.4319520000001,1022515.622832
1,0,48,897.669504,690443.7330352
1,0,48,722.3520736,786945.390592
1,0,48,628.4225919999999,210574.65915999995
1,0,48,809.784976,1041381.8315968
1,0,48,688.0,1131424.72952
1,0,48,688.890656,557693.36136
1,0,48,648.9592160000001,1078891.1203679994
1,0,48,666.4135040000001,796476.1555319999
1,0,48,694.8628800000001,13441.337056000008
1,0,48,546.7164607999997,1068112.6956479999
1,0,48,723.4198072,2995.022064000007
1,0,48,660.9284480000001,1026506.4666968
1,0,48,488.09535999999974,1059025.31872
1,0,48,220.02100479999996,689757.7058751999
1,0,48,810.91864,699377.3109039998
1,0,48,628.8100239999999,800123.2873600002
1,0,48,552.472184,137.63580000000024
1,0,48,834.163048,612359.0520128006
1,0,48,678.7873480000005,66.0
1,0,48,622.67176,721085.875008
1,0,48,831.7791200000001,607287.8755519998
1,0,48,4.0,557563.782456
1,0,48,628.91152,1063638.070584
1,0,48,895.044024,915640.3566719999
1,0,48,817.306544,0
1,0,48,550.8755840000005,794398.9982656
1,0,48,478.7156679999993,981274.8991039989
1,0,48,483.26367999999877,894154.6439295986
1,0,48,186.8339536000002,855514.7852416002
1,0,48,623.3438464,1088231.7443839998
1,0,48,871.2942640000002,903018.1982848003
1,0,48,940.5411440000001,1012639.9649279998
1,0,48,808.6144192000002,876247.6426
1,0,48,0,0
1,0,48,873.0867303999999,665490.2987200001
1,0,48,15.0,286608.0308880006
1,0,48,0,0
1,0,48,0,0
1,0,48,0,0
1,0,48,0,0
1,0,48,0,0
1,0,48,437.88952960000006,213091.26016
1,0,48,0,0
1,0,48,0,0
1,0,48,798.7704999999999,876257.4004
1,0,48,0,607235.6409200004
1,0,48,0,0
1,0,48,16.79837999999998,0
1,0,48,0,0
1,0,48,0,0
1,0,48,2.0,0
1,0,48,0,0
1,0,48,0,0
1,0,48,0,0
1,0,48,615.0,982194.9573535988
1,0,48,0,0
1,0,48,0,0
1,0,48,0,0
1,0,48,0,0
1,0,48,0,0
1,0,48,0,0
1,0,48,0,0
1,0,48,0,0
1,0,48,797.3982399999999,192644.40064000076
1,0,48,835.1412304,17610.6921624
1,0,48,0,0
1,0,48,0,0
1,0,48,531.336128,190649.81056
1,0,48,15.0,170.113968
1,0,48,0,0
1,0,48,0,0
1,0,48,717.0504960000001,190640.123008
1,0,48,0,1123337.1296672001
1,0,48,0,0
1,0,48,0,0
1,0,48,518.2222936000001,558520.60444
1,0,48,0,0
1,0,48,0,0
1,0,48,0,0
1,0,48,558.6528160000003,752175.9122832002
1,0,48,2.0,0
1,0,48,0,0
1,0,48,0,0
1,0,48,534.6509600000002,436323.2546431999
1,0,48,15.0,1051645.1836960001
1,0,48,0,0
1,0,48,0,0
1,0,48,624.383104,780245.5919280001
1,0,48,0,158.0
1,0,48,0,0
1,0,48,0,0
1,0,48,15.0,17599.4627664
1,0,48,801.2717600000001,547348.9264791998
1,0,48,0,0
1,0,48,10.604020799999972,0
1,0,48,532.844096,5684.966399999983
1,0,48,0,0
1,0,48,0,0
1,0,48,0,0
1,0,48,716.1804576,189871.66550400003
1,0,48,1.0,0
1,0,48,0,0
1,0,48,0,0
1,0,48,688.0,1031052.7586983999
1,0,48,811.0138959999998,801561.5353600001
1,0,48,179.06765439999995,904084.0213120013
1,0,48,0,0
1,0,48,0,0
1,0,48,0,0
1,0,48,4.0,212372.46304
1,0,48,175.79891200000026,781241.7408839999
1,0,48,535.8687679999997,807377.0186519999
1,0,48,817.1725472,771963.9146495999
1,0,48,0,0
1,0,48,0,0
1,0,48,2.0,888077.8347136003
1,0,48,0,0
1,0,48,0,0
1,0,48,0,0
1,0,48,517.5911679999999,749808.0854856004
1,0,48,0,0
1,0,48,0,0
1,0,48,0,0
1,0,48,506.68287199999986,503749.3862399996
1,0,48,341.3527920000009,462026.44945279846
1,0,48,622.058272,320969.7998175997
1,0,48,723.4171744,527538.6870719995
1,0,48,629.866888,334556.50208800094
1,0,48,619.7347888,775716.936768
1,0,48,0,0
1,0,48,0,0
1,0,48,0,0
1,0,48,0,0
1,0,48,0,0
1,0,48,17.47829600000003,796728.29784
1,0,48,723.185968,952909.4409920011
1,0,48,0,0
1,0,48,0,0
1,0,48,0,0
1,0,48,0,0
1,0,48,0,0
1,0,48,0,0
1,0,48,148.14431199999999,561869.82892
1,0,48,0,0
1,0,48,734.5931840000003,922233.3372
1,0,48,614.0693200000001,790372.1642560001
1,0,48,148.0,762485.192032
1,0,48,0,556584.7591320002
1,0,48,0,0
1,0,48,0,0
1,0,48,0,0
1,0,48,0,0
1,0,48,0,0
1,0,48,0,0
1,0,48,416.2676991999999,853961.4595599998
1,0,48,148.0,776403.0808992
1,0,48,688.0,927692.3600000001
1,0,48,0,0
1,0,48,0,0
1,0,48,523.8764383999998,723175.7767679994
1,0,48,149.59637200000003,10195.626272
1,0,48,543.3845312000002,10179.226112
1,0,48,0,0
1,0,48,792.4368640000002,864025.2166480003
1,0,48,835.3504,922056.2341920002
1,0,48,0,0
1,0,48,0,0
1,0,48,506.9312239999999,876241.78636
1,0,48,0,0
1,0,48,0,0
1,0,48,0,66.0
1,0,48,9.0,17499.617036800002
1,0,48,179.18220400000018,280066.35265919956
1,0,48,0,0
1,0,48,1.0,66.0
1,0,48,510.00145999999995,630070.4952000005
1,0,48,16.0,617288.7557999999
1,0,48,0,0
1,0,48,0,0
1,0,48,0,0
1,0,48,0,0
1,0,48,0,0
1,0,48,0,0
1,0,48,0,0
1,0,48,0,0
1,0,48,0,0
1,0,48,0,0
1,0,48,0,0
1,0,48,16.0,0
1,0,48,0,0
1,0,48,0,0
1,0,48,0,0
1,0,48,17.0,256.4270623999995
1,0,48,1.0084335999999894,137.55576
1,0,48,0,0
1,0,48,129.1655800000004,0
1,0,48,0,0
1,0,48,0,0
1,0,48,0,0
1,0,48,0,0
1,0,48,1.0,18928.326079999697
1,0,48,0,0
1,0,48,0,0
1,0,48,0,0
1,0,48,0,0
1,0,48,0,0
1,0,48,0,0
1,0,48,0,0
1,0,48,0,836612.857856
1,0,48,0,0
1,0,48,0,0
1,0,48,0,0
1,0,48,0,0
1,0,48,0,0
1,0,48,0,0
1,0,48,0,0
1,0,48,3.0,778479.1111199999
1,0,48,33.73495200000005,0
1,0,48,0,0
1,0,48,0,0
1,0,48,15.0,491033.7256560002
1,0,48,198.35368960000005,17578.047728
1,0,48,434.4285568,757336.719664
1,0,48,48.16516799999965,756466.147584
1,0,48,15.784936000000016,788920.324096
1,0,48,700.922976,774495.2140320002
1,0,48,279.6717183999999,17592.975872
1,0,48,599.8481200000001,660071.9706400011
1,0,48,810.789952,1022373.5682720001
1,0,48,1.0,240166.78772799982
1,0,48,724.0,842482.2959359998
1,0,48,553.4709968,868319.77792
1,0,48,585.95128,186927.8788408001
1,0,48,610.2426399999999,598194.4806800002
1,0,48,840.2296928000001,771874.2782808
1,0,48,724.0,785287.5162879999
1,0,48,596.412916,1022138.5367040008
1,0,48,601.630624,17620.689984
1,0,48,516.4576719999999,1022535.699168
1,0,48,789.5944960000002,1033644.074432
1,0,48,509.6245328000001,670882.7526559999
1,0,48,764.6395136000015,824081.4300600009
1,0,48,611.745712,348615.63996879914
1,0,48,574.6591616000001,3604.3714799999884
1,0,48,722.2891023999999,556618.5413520001
1,0,48,623.210584,876250.1758000001
1,0,48,689.245712,709081.570688
1,0,48,280.10441920000005,796251.32772
1,0,48,688.0,819458.6136960003
1,0,48,624.180256,373.75190720000046
1,0,48,523.7217824,797364.4996480001
1,0,48,516.6261256,38370.50934399998
1,0,48,717.203712,845590.1640319999
1,0,48,2.0,1028022.9310400002
1,0,48,17.0,691853.0288295995
1,0,48,17.22193759999999,190637.670208
1,0,48,200.59283199999982,777179.8951968001
1,0,48,353.3046479999996,66.0
1,0,48,622.97944,190665.906304
1,0,48,622.76878,0
1,0,48,681.89188,677718.0483439998
1,0,48,784.7468800000001,486275.9424184
1,0,48,553.8226448,292.55228
1,0,48,585.206152,749439.3098519997
1,0,48,722.7260944,620346.6521999999
1,0,48,618.259984,155.94453600000014
1,0,48,325.58445839999985,541480.4249344006
1,0,48,535.8698479999999,802243.3001344
1,0,48,229.75490559999824,975607.0518464016
1,0,48,4.114856000000003,712697.3609600001
1,0,48,688.0,878220.91836
1,0,48,724.0,227555.10164800065
1,0,48,834.65632,1007590.0730880002
1,0,48,33.79557600000004,579142.39004
1,0,48,0,0
1,0,48,688.0,66.0
1,0,48,442.6173920000001,17735.748328
1,0,48,0,0
1,0,48,0,0
1,0,48,0,0
1,0,48,0,0
1,0,48,0,0
1,0,48,1.0,158.0
1,0,48,0,0
1,0,48,0,0
1,0,48,661.1182975999996,681355.1425736
1,0,48,17.0,300.7839919999998
1,0,48,0,0
1,0,48,455.6293119999996,0
1,0,48,0,0
1,0,48,0,0
1,0,48,9.0,68.962988
1,0,48,0,0
1,0,48,0,0
1,0,48,0,0
1,0,48,514.0,1049916.5096032
1,0,48,16.0,158.0
1,0,48,0,0
1,0,48,0,0
1,0,48,0,0
1,0,48,0,0
1,0,48,1.0,0
1,0,48,0,0
1,0,48,0,0
1,0,48,304.25613599999974,190670.169472
1,0,48,796.93228,17600.122224
1,0,48,0,0
1,0,48,0,0
1,0,48,542.8049600000007,362743.01748800004
1,0,48,2.0,190637.50839039998
1,0,48,0,0
1,0,48,0,0
1,0,48,432.49638400000003,626017.8627600002
1,0,48,0,1056411.950272
1,0,48,0,0
1,0,48,0,0
1,0,48,440.8465375999999,480092.8577599989
1,0,48,0,0
1,0,48,0,0
1,0,48,0,0
1,0,48,514.0,594200.3114239997
1,0,48,4.0,0
1,0,48,0,0
1,0,48,0,0
1,0,48,16.0,17530.04668
1,0,48,16.0,796203.734064
1,0,48,0,0
1,0,48,0,0
1,0,48,15.0,725597.9777567993
1,0,48,0,0
1,0,48,0,0
1,0,48,0,0
1,0,48,0,9233.504520000004
1,0,48,688.0,48588.29077599979
1,0,48,0,0
1,0,48,15.0,315.4684983999995
1,0,48,169.2744160000001,0
1,0,48,0,0
1,0,48,0,0
1,0,48,0,0
1,0,48,151.0,524686.5456720002
1,0,48,0,0
1,0,48,0,0
1,0,48,0,0
1,0,48,16.0,758634.319312
1,0,48,782.472448,4199.828759999984
1,0,48,438.6604096000001,17459.8540288
1,0,48,0,0
1,0,48,0,0
1,0,48,0,0
1,0,48,399.73293120000005,3284.83439999997
1,0,48,0,558157.426416
1,0,48,516.562504,2317.326095999997
1,0,48,759.5371520000015,755170.334208
1,0,48,0,0
1,0,48,0,0
1,0,48,4.353632000000005,617998.3259999999
1,0,48,0,0
1,0,48,0,0
1,0,48,0,0
1,0,48,16.0,17725.114215999998
1,0,48,0,0
1,0,48,0,0
1,0,48,0,0
1,0,48,9.508871999999997,0
1,0,48,0,580060.6181647991
1,0,48,444.7756640000001,66.0
1,0,48,689.1365408,349880.5284303994
1,0,48,622.7853520000001,230270.32902399974
1,0,48,551.083376,622678.2564
1,0,48,0,0
1,0,48,0,0
1,0,48,0,0
1,0,48,0,0
1,0,48,0,0
1,0,48,17.0,354963.8705920001
1,0,48,553.388312,665672.3200000001
1,0,48,0,0
1,0,48,0,0
1,0,48,0,0
1,0,48,0,0
1,0,48,1.0,166.51413119999995
1,0,48,0,0
1,0,48,0,10184.3928512
1,0,48,0,0
1,0,48,410.69401600000015,630635.9774999999
1,0,48,553.3918184,876254.8768000001
1,0,48,4.005617600000022,170.9497680000001
1,0,48,0,0
1,0,48,0,0
1,0,48,0,0
1,0,48,0,0
1,0,48,0,0
1,0,48,0,0
1,0,48,0,0
1,0,48,603.3887200000001,770668.656544
1,0,48,280.2953920000001,774282.8136767999
1,0,48,554.4956055999999,801080.3973760002
1,0,48,0,0
1,0,48,0,0
1,0,48,148.0,663345.1944640004
1,0,48,2.0,614943.774
1,0,48,35.72654400000002,0
1,0,48,0,158.0
1,0,48,9.0,356985.6210688001
1,0,48,846.5005999999996,1019335.0080000001
1,0,48,0,0
1,0,48,0,66.0
1,0,48,16.0,498156.6307199998
1,0,48,0,0
1,0,48,0,0
1,0,48,1.0,0
1,0,48,2.0,553930.201908
1,0,48,4.851032000000004,363355.7333120001
1,0,48,0,0
1,0,48,16.0,487494.23780799995
1,0,48,22.04230800000022,38738.96720800002
1,0,48,0,183.73387200000025
1,0,48,0,0
1,0,48,0,0
1,0,48,0,0
1,0,48,0,0
1,0,48,0,0
1,0,48,0,0
1,0,48,0,0
1,0,48,0,0
1,0,48,0,0
1,0,48,0,0
1,0,48,0,0
1,0,48,15.0,0
1,0,48,0,0
1,0,48,0,0
1,0,48,0,0
1,0,48,188.70217600000024,0
1,0,48,15.0,0
1,0,48,0,0
1,0,48,2.0,0
1,0,48,0,0
1,0,48,0,0
1,0,48,0,0
1,0,48,0,0
1,0,48,0,0
1,0,48,0,0
1,0,48,0,0
1,0,48,0,0
1,0,48,0,0
1,0,48,0,0
1,0,48,0,0
1,0,48,0,0
1,0,48,0,348.01434399999994
1,0,48,0,0
1,0,48,0,0
1,0,48,0,0
1,0,48,0,0
1,0,48,0,0
1,0,48,0,0
1,0,48,182.0866791999999,49065.54999999982
1,0,48,794.4152320000003,1015219.7629440003
1,0,48,627.4124800000001,0
1,0,48,0,0
1,0,48,0,0
1,0,48,566.2075520000001,372.3850592000004
1,0,48,400.8975160000001,640473.8968720002
1,0,48,151.0,875868.13084
1,0,48,16.0,660846.8475999988
1,0,48,1.0,1037332.9623296
1,0,48,613.73398,1034964.3338240001
1,0,48,801.72008,556153.5300480002
1,0,48,801.2413904,343459.3295919988
1,0,48,851.4857648,1088146.2595328002
1,0,48,133.5477999999998,232.0
1,0,48,902.222016,1025011.83536
1,0,48,615.0,1073491.0691184
1,0,48,688.0,757854.2309248
1,0,48,722.9886808,69.0
1,0,48,800.5097920000001,796084.63944
1,0,48,801.4226719999999,865632.853732
1,0,48,796.8564759999999,1156119.9367872
1,0,48,653.1697856,210620.94479200008
1,0,48,610.18564,1040013.682304
1,0,48,890.6588400000002,1057526.07136
1,0,48,295.7722320000004,1013748.94464
1,0,48,762.8272639999998,934140.4367599997
1,0,48,626.340736,876248.017
1,0,48,836.905232,11470.210264000061
1,0,48,835.070824,910401.2641432001
1,0,48,813.85836,1145393.7308159997
1,0,48,723.280276,1025007.39548
1,0,48,280.0707520000001,1022344.52232
1,0,48,837.3781784,1035884.3772799999
1,0,48,724.0,0
1,0,48,615.0,934925.79224
1,0,48,12.098567999999943,190513.176792
1,0,48,597.9582999999998,790899.6017920001
1,0,48,663.8326400000001,1019633.8644479997
1,0,48,2.0,1080387.2454432002
1,0,48,724.0,1028609.970392
1,0,48,723.9121048,703545.91096
1,0,48,524.6585600000003,254.86169600000028
1,0,48,622.2739504,17826.775004799998
1,0,48,722.280892,363893.99947999994
1,0,48,674.50792,1033914.9026816
1,0,48,834.20344,359675.562464
1,0,48,446.73807999999985,368670.65744000085
1,0,48,709.2947088000002,1042553.6150320001
1,0,48,896.8290240000003,1078182.4271856
1,0,48,818.3200879999997,17602.833552
1,0,48,632.6106831999999,858706.7038791997
1,0,48,614.4461199999998,875148.4926400001
1,0,48,185.92349679999992,881667.907648
1,0,48,609.0656799999999,671955.6858680006
1,0,48,688.4323855999999,1129794.1849999998
1,0,48,814.0496400000001,1006400.2045440001
1,0,48,837.0778592,1025814.9997856001
1,0,48,617.586472,703599.322696
1,0,48,0,0
1,0,48,839.30816,17599.03704
1,0,48,15.0,519419.7078719995
1,0,48,0,0
1,0,48,0,0
1,0,48,0,164.572404
1,0,48,0,0
1,0,48,0,0
1,0,48,150.89823999999993,754281.6106752
1,0,48,0,0
1,0,48,0,0
1,0,48,822.8454368,258042.07206399977
1,0,48,15.074888799999997,166745.13488799962
1,0,48,0,0
1,0,48,2.0,0
1,0,48,0,0
1,0,48,0,0
1,0,48,19.644419999999798,190607.006848
1,0,48,0,0
1,0,48,0,0
1,0,48,0,0
1,0,48,163.9448607999995,1025185.2176071999
1,0,48,185.8071520000003,0
1,0,48,0,0
1,0,48,0,0
1,0,48,0,0
1,0,48,0,0
1,0,48,0,0
1,0,48,0,0
1,0,48,0,0
1,0,48,47.6414520000005,485723.592832
1,0,48,834.663232,17582.7441296
1,0,48,0,0
1,0,48,0,0
1,0,48,465.3668800000006,797364.23248
1,0,48,0,12434.617647999969
1,0,48,0,0
1,0,48,0,0
1,0,48,622.2146416,777517.6907664
1,0,48,1.0,1059895.883836
1,0,48,0,0
1,0,48,0,0
1,0,48,579.6279200000001,184759.54050399992
1,0,48,0,0
1,0,48,0,0
1,0,48,0,0
1,0,48,16.0,766642.845952
1,0,48,2.0,146.71785600000004
1,0,48,0,0
1,0,48,0,0
1,0,48,622.656976,0
1,0,48,399.35066879999994,1058838.5544064
1,0,48,0,0
1,0,48,0,0
1,0,48,589.7391519999999,189328.17600959993
1,0,48,4.789337599999982,8022.060100800002
1,0,48,0,0
1,0,48,0,0
1,0,48,148.0,17775.497728000006
1,0,48,920.6117000000015,504939.9550920002
1,0,48,0,0
1,0,48,0,503.0226560000028
1,0,48,148.0,17327.96581600002
1,0,48,0,0
1,0,48,0,0
1,0,48,0,0
1,0,48,570.1733599999995,877187.8765799999
1,0,48,0,0
1,0,48,0,0
1,0,48,0,0
1,0,48,514.0,892078.8910719997
1,0,48,838.6624208,555938.392656
1,0,48,13.27061280000001,8113.864699200013
1,0,48,0,0
1,0,48,0,0
1,0,48,0,0
1,0,48,340.4513760000005,0
1,0,48,401.35675360000016,162.01672640000004
1,0,48,514.0,768669.0056319999
1,0,48,688.0,828810.7905600003
1,0,48,0,0
1,0,48,0,0
1,0,48,16.0,363116.96147599997
1,0,48,0,0
1,0,48,0,0
1,0,48,0,0
1,0,48,217.53729279999982,17572.3303552
1,0,48,0,0
1,0,48,0,0
1,0,48,0,0
1,0,48,581.7704000000001,20912.93469439939
1,0,48,523.2631999999998,709611.5388800001
1,0,48,722.4409936,490581.87777599995
1,0,48,643.5620560000003,37912.34443840012
1,0,48,794.5206016000006,4108.800240000024
1,0,48,724.0,913065.2942560001
1,0,48,0,0
1,0,48,0,0
1,0,48,0,0
1,0,48,0,0
1,0,48,0,0
1,0,48,209.72099200000082,1033549.3347200002
1,0,48,821.294696,796219.8789840001
1,0,48,0,0
1,0,48,0,0
1,0,48,0,0
1,0,48,0,0
1,0,48,0,114.46280640000003
1,0,48,0,0
1,0,48,401.17008639999995,0
1,0,48,0,0
1,0,48,724.0,896243.5646079999
1,0,48,651.0166879999999,876250.32898
1,0,48,333.21448799999945,267375.3136128
1,0,48,0,252.17350400000066
1,0,48,0,0
1,0,48,0,0
1,0,48,0,0
1,0,48,0,0
1,0,48,0,0
1,0,48,0,0
1,0,48,176.10760720000016,772949.913744
1,0,48,501.70553600000034,781790.8071600001
1,0,48,625.2098943999999,930477.9342799999
1,0,48,0,0
1,0,48,0,0
1,0,48,288.4973392000004,758607.2887552001
1,0,48,441.85059200000006,0
1,0,48,278.97961599999996,66.0
1,0,48,0,0
1,0,48,640.9133200000001,772263.3407040001
1,0,48,802.883812,910399.6568800001
1,0,48,0,0
1,0,48,0,0
1,0,48,669.550784,798289.3743999999
1,0,48,0,0
1,0,48,0,0
1,0,48,16.043592000000018,0
1,0,48,0,41697.06512800005
1,0,48,1.6582719999999824,220341.36256960002
1,0,48,0,0
1,0,48,15.0,17603.119315199998
1,0,48,277.90744000000007,875124.01696
1,0,48,2.0,190645.437184
1,0,48,0,0
1,0,48,0,0
1,0,48,0,0
1,0,48,0,0
1,0,48,0,0
1,0,48,0,0
1,0,48,0,0
1,0,48,0,0
1,0,48,0,0
1,0,48,0,0
1,0,48,0,0
1,0,48,127.59519999999998,0
1,0,48,0,0
1,0,48,0,0
1,0,48,0,0
1,0,48,15.0,0
1,0,48,2.0,17541.104584
1,0,48,0,0
1,0,48,2.0,0
1,0,48,0,0
1,0,48,0,0
1,0,48,0,0
1,0,48,0,0
1,0,48,0,6410.29094399997
1,0,48,0,0
1,0,48,0,0
1,0,48,0,0
1,0,48,0,0
1,0,48,0,0
1,0,48,0,0
1,0,48,0,0
1,0,48,0,7749.917687999999
1,0,48,0,0
1,0,48,0,0
1,0,48,0,0
1,0,48,0,0
1,0,48,0,0
1,0,48,0,0
1,0,48,201.48927999999978,0
1,0,48,3.0,887705.0032767997
1,0,48,615.0,0
1,0,48,0,0
1,0,48,0,0
1,0,48,51.057575999999614,486746.70017920004
1,0,48,611.3480319999999,248784.33717760022
1,0,48,519.6711760000001,783344.4613631999
1,0,48,2.0,556236.97404
1,0,48,17.0,791389.8248320001
1,0,48,803.7782319999999,867686.2036599999
1,0,48,409.53664000000003,844736.9931776
1,0,48,716.394288,3357.456047999991
1,0,48,856.2481312,1035487.0207999999
1,0,48,596.98072,374.17849279999945
1,0,48,901.449792,790750.478464
1,0,48,435.54596799999996,895120.0973439997
1,0,48,614.147044,766977.449632
1,0,48,801.5158879999999,52208.82980799991
1,0,48,710.2192800000001,263540.3182720002
1,0,48,678.40024,756502.9028352
1,0,48,666.4964479999999,1090217.4256640002
1,0,48,536.3869088,678742.8299720001
1,0,48,606.882736,1035547.7707519999
1,0,48,813.78312,1061194.5895671998
1,0,48,514.0,772292.297808
1,0,48,802.4218672,505027.7851200001
1,0,48,516.4256512,722697.1844159996
1,0,48,615.0,7123.064771999961
1,0,48,672.8355199999996,821383.7132399989
1,0,48,610.2538000000002,1061208.789148
1,0,48,689.9810576,796816.2217199999
1,0,48,232.04504799999964,1044962.9879439999
1,0,48,679.4650120000003,755238.0897791999
1,0,48,790.1447680000001,17474.521984
1,0,48,283.73884,1052573.1121576005
1,0,48,722.611744,232.0
1,0,48,628.5935008,867052.8954399999
1,0,48,600.0,932024.9597599999
1,0,48,17.509736000000004,797319.48976
1,0,48,697.1180928000001,362755.937168
1,0,48,624.6272320000002,781895.1061416001
1,0,48,556.9997968,17558.1945472
1,0,48,688.0,728741.4130560003
1,0,48,596.2282359999999,367.61338880000005
1,0,48,813.8987279999999,761819.45728
1,0,48,724.0,302801.6528320008
1,0,48,514.0,99.6181920000005
1,0,48,551.2136528000001,1036398.5182592
1,0,48,773.5846399999994,756427.8343679999
1,0,48,835.3077424,0
1,0,48,86.105811200002,701098.0767039997
1,0,48,149.02875999999998,815181.2732400002
1,0,48,532.551776,849046.1028319999
1,0,48,16.0,796974.21384
1,0,48,723.56176,1042692.8201199999
1,0,48,852.1257439999999,876241.0618
1,0,48,801.634592,1038945.240704
1,0,48,613.9657239999999,531288.3956208004
1,0,48,0,0
1,0,48,797.1579519999999,9399.002280000017
1,0,48,279.65276800000004,637459.6520799998
1,0,48,0,0
1,0,48,0,0
1,0,48,0,67.4023856
1,0,48,0,0
1,0,48,0,0
1,0,48,148.59244000000004,2738.558476800007
1,0,48,0,0
1,0,48,0,0
1,0,48,835.015264,763175.91256
1,0,48,4.549726399999997,573130.2113864004
1,0,48,0,0
1,0,48,347.085047999999,0
1,0,48,0,0
1,0,48,0,0
1,0,48,0,245.10483199999987
1,0,48,0,0
1,0,48,0,0
1,0,48,0,0
1,0,48,595.14904,918105.8366160002
1,0,48,0,0
1,0,48,0,0
1,0,48,0,0
1,0,48,0,0
1,0,48,0,0
1,0,48,0,0
1,0,48,0,0
1,0,48,0,0
1,0,48,575.8735039999999,477268.0693760016
1,0,48,802.9815304,160.36664480000007
1,0,48,0,0
1,0,48,0,0
1,0,48,514.0,355138.43833599996
1,0,48,4.741087999999991,17606.670791999997
1,0,48,0,0
1,0,48,0,0
1,0,48,653.097248,553754.2301800001
1,0,48,0,846373.6116560001
1,0,48,0,0
1,0,48,0,0
1,0,48,604.3630480000002,17607.463128
1,0,48,0,0
1,0,48,0,0
1,0,48,0,0
1,0,48,434.5031680000001,665317.2916
1,0,48,15.0,66.0
1,0,48,0,0
1,0,48,0,0
1,0,48,587.8233999999999,352550.3125120001
1,0,48,1.0,955720.0927520005
1,0,48,0,0
1,0,48,0,10175.069792
1,0,48,16.0,491109.38502000034
1,0,48,0,395805.18742400024
1,0,48,0,0
1,0,48,0,0
1,0,48,39.58552800000018,1214.5485439999889
1,0,48,825.8883199999996,17574.426688
1,0,48,0,0
1,0,48,0,0
1,0,48,431.1267280000005,17534.29828
1,0,48,0,0
1,0,48,0,0
1,0,48,0,0
1,0,48,514.0,486976.552072
1,0,48,0,0
1,0,48,0,0
1,0,48,0,0
1,0,48,629.177152,797486.34832
1,0,48,677.6492800000001,755381.533824
1,0,48,4.0,562646.8376800001
1,0,48,0,0
1,0,48,0,0
1,0,48,0,0
1,0,48,15.0,158.0
1,0,48,2.0,4467.818495999986
1,0,48,299.78212799999926,740263.4461440004
1,0,48,792.9375999999997,802794.1784703999
1,0,48,0,0
1,0,48,0,0
1,0,48,218.22284800000023,848483.967236
1,0,48,0,0
1,0,48,0,0
1,0,48,0,0
1,0,48,539.1832879999998,190335.89467680003
1,0,48,0,0
1,0,48,0,0
1,0,48,0,0
1,0,48,416.90571520000003,17594.4095504
1,0,48,2.0,607818.9860720002
1,0,48,595.89448,308148.5628400005
1,0,48,717.2588160000003,556936.972176
1,0,48,183.15263200000027,17524.4103808
1,0,48,622.264456,936748.3948400001
1,0,48,0,0
1,0,48,0,0
1,0,48,0,0
1,0,48,0,0
1,0,48,0,0
1,0,48,202.29952000000003,761062.7198319999
1,0,48,600.0,781314.9344880001
1,0,48,0,0
1,0,48,0,0
1,0,48,0,0
1,0,48,0,0
1,0,48,2.0,69.0
1,0,48,0,0
1,0,48,16.0,69.0
1,0,48,0,0
1,0,48,670.2367232000001,778312.4023680001
1,0,48,653.8520960000001,910255.6080759998
1,0,48,16.533919199999985,572821.5270751996
1,0,48,0,37112.98102399982
1,0,48,0,0
1,0,48,0,0
1,0,48,0,0
1,0,48,0,0
1,0,48,0,0
1,0,48,0,0
1,0,48,11.591932799999995,825772.2841199994
1,0,48,490.44458800000064,708667.2421759999
1,0,48,641.1728080000003,754385.6286719999
1,0,48,0,0
1,0,48,0,0
1,0,48,638.1665415999998,547058.3079279999
1,0,48,21.877320000000424,24805.656377599727
1,0,48,628.5529888,158.0
1,0,48,0,0
1,0,48,438.446272,874690.1057200001
1,0,48,673.1536000000001,876238.861
1,0,48,0,0
1,0,48,0,0
1,0,48,561.3693536000003,807189.957472
1,0,48,0,0
1,0,48,0,0
1,0,48,1.2394000000000034,0
1,0,48,0,188049.69205440005
1,0,48,16.0,7628.127324000001
1,0,48,0,0
1,0,48,0,340.8887680000008
1,0,48,623.7963159999999,485911.09427199996
1,0,48,1.0,232.0
1,0,48,0,0
1,0,48,0,0
1,0,48,0,0
1,0,48,0,0
1,0,48,0,0
1,0,48,0,0
1,0,48,0,0
1,0,48,0,0
1,0,48,0,0
1,0,48,0,0
1,0,48,0,0
1,0,48,431.3407647999999,0
1,0,48,0,0
1,0,48,0,0
1,0,48,0,0
1,0,48,151.0,184770.60435999994
1,0,48,2.0,67.57347200000004
1,0,48,0,0
1,0,48,4.0,0
1,0,48,0,0
1,0,48,0,0
1,0,48,0,0
1,0,48,0,0
1,0,48,15.0,10179.402848
1,0,48,0,0
1,0,48,0,0
1,0,48,0,0
1,0,48,0,0
1,0,48,0,0
1,0,48,0,0
1,0,48,0,0
1,0,48,0,17594.66732
1,0,48,0,0
1,0,48,0,0
1,0,48,0,0
1,0,48,0,0
1,0,48,0,0
1,0,48,0,0
1,0,48,2.0,66.0
1,0,48,514.0,770365.9375360002
1,0,48,642.7683736000001,68.000528
1,0,48,0,0
1,0,48,0,0
1,0,48,15.0,17702.480008
1,0,48,405.4685295999999,17732.469232000003
1,0,48,148.59085599999995,772311.335904
1,0,48,6.2426911999999675,708189.0189439999
1,0,48,2.0,1022314.28664
1,0,48,648.13856,915806.5089599995
1,0,48,679.10764,535034.7445920001
1,0,48,689.0874080000001,169789.7527600003
1,0,48,837.455852,1054032.0588160001
1,0,48,4.112919199999993,353.4886879999991
1,0,48,801.73928,785149.2659199999
1,0,48,666.041792,806191.637248
1,0,48,615.0,554620.6417752
1,0,48,770.3087743999988,710418.4131200002
1,0,48,834.5176,763847.568112
1,0,48,663.7101439999997,753811.327872
1,0,48,656.42768,1013896.8497664004
1,0,48,603.1396000000001,639310.4516799994
1,0,48,578.835512,797420.512
1,0,48,801.553784,1030690.0176751999
1,0,48,128.8751799999996,772353.011736
1,0,48,655.2698912,752619.7414800001
1,0,48,403.9495743999999,797358.54592
1,0,48,650.2402976,0
1,0,48,655.7231936,719767.2973151999
1,0,48,688.386152,797338.510432
1,0,48,670.7720960000001,560447.0724399999
1,0,48,502.2746240000001,795986.772
1,0,48,543.2490560000005,630973.4832000006
1,0,48,655.7383999999998,68.71256
1,0,48,583.194704,756283.1662079999
1,0,48,17.621408000000002,14672.706832000045
1,0,48,615.0,866596.1047600001
1,0,48,629.751712,867947.8539999998
1,0,48,328.0130280000031,934818.6670400002
1,0,48,424.9106439999998,797403.6181119999
1,0,48,610.0110399999998,873680.48392
1,0,48,14.635847999999982,373916.12887999875
1,0,48,614.1762880000001,10813.008642399984
1,0,48,582.8604799999999,0
1,0,48,622.2829504,1025453.4554239999
1,0,48,876.345296,246869.28629439973
1,0,48,414.9846399999999,261656.32517920044
1,0,48,712.2510720000001,796432.9491600001
1,0,48,796.5404800000001,741706.1861328003
1,0,48,688.4952128,17610.166128
1,0,48,150.42617919999995,600411.659516
1,0,48,514.0,801123.3687039998
1,0,48,184.99218399999978,1057729.8098176
1,0,48,269.7714807999988,762947.36968
1,0,48,722.915248,1084407.861612
1,0,48,819.237536,561054.2908000001
1,0,48,821.8771519999999,933018.3739999998
1,0,48,280.4074527999999,439825.17641599814
1,0,48,0,0
1,0,48,723.3243640000001,66.0
1,0,48,164.09781999999976,489822.12168000004
1,0,48,0,0
1,0,48,0,0
1,0,48,0,66.0
1,0,48,0,0
1,0,48,0,0
1,0,48,4.0,184600.57585600007
1,0,48,0,0
1,0,48,0,0
1,0,48,622.0364079999999,707747.4185600004
1,0,48,185.6042152000001,493264.40712
1,0,48,0,0
1,0,48,35.01676800000001,0
1,0,48,0,0
1,0,48,0,0
1,0,48,1.0,175.3911216000003
1,0,48,0,0
1,0,48,0,0
1,0,48,0,0
1,0,48,553.7923472,1032854.3358463999
1,0,48,134.98923999999977,0
1,0,48,0,0
1,0,48,0,0
1,0,48,0,0
1,0,48,0,0
1,0,48,0,0
1,0,48,0,0
1,0,48,0,0
1,0,48,203.34054400000014,295.85905519999994
1,0,48,834.2172351999999,15037.788808000016
1,0,48,0,0
1,0,48,0,0
1,0,48,277.1823423999999,541648.6929520002
1,0,48,0,8922.490948799954
1,0,48,0,0
1,0,48,0,0
1,0,48,277.42076800000007,735367.6028664001
1,0,48,2.0,1027439.2082215999
1,0,48,0,0
1,0,48,0,0
1,0,48,591.09334,299495.67692799994
1,0,48,0,0
1,0,48,0,0
1,0,48,0,0
1,0,48,6.1870400000000245,650049.7412800005
1,0,48,91.97252479999929,10182.864790399999
1,0,48,0,0
1,0,48,0,0
1,0,48,629.617024,0
1,0,48,263.3901520000004,854045.7322407997
1,0,48,0,0
1,0,48,0,0
1,0,48,144.44776000000022,434459.43819199933
1,0,48,0,0
1,0,48,0,0
1,0,48,0,0
1,0,48,2.2252399999999852,16637.17948479992
1,0,48,812.8594800000001,3580.6641359999758
1,0,48,0,0
1,0,48,1.0,5639.895360000011
1,0,48,2.0,0
1,0,48,0,0
1,0,48,0,0
1,0,48,0,0
1,0,48,503.050412,188012.48640000005
1,0,48,0,66.0
1,0,48,0,0
1,0,48,0,0
1,0,48,553.0038608,771376.6074879998
1,0,48,803.854552,278604.67449839995
1,0,48,105.20902399999864,350.0
1,0,48,0,0
1,0,48,0,0
1,0,48,0,0
1,0,48,555.8586399999999,164.4062856000001
1,0,48,318.177912,616940.380800001
1,0,48,204.87884799999983,360042.80436799995
1,0,48,709.2247199999996,896747.8641279999
1,0,48,0,66.0
1,0,48,0,0
1,0,48,445.695104,705596.1950720001
1,0,48,0,0
1,0,48,0,0
1,0,48,0,0
1,0,48,16.0,624433.7877000002
1,0,48,0,0
1,0,48,0,0
1,0,48,0,0
1,0,48,174.61320880000017,0
1,0,48,8.55061760000001,530603.6017200005
1,0,48,399.08748479999997,12704.14504000001
1,0,48,688.0,66.0
1,0,48,682.2234400000002,10892.630151999967
1,0,48,309.7922160000003,757895.8258912
1,0,48,0,0
1,0,48,0,0
1,0,48,0,0
1,0,48,0,0
1,0,48,0,0
1,0,48,398.244192,785669.996416
1,0,48,688.0,560631.22972
1,0,48,0,0
1,0,48,0,0
1,0,48,0,0
1,0,48,0,0
1,0,48,1.0,158.0
1,0,48,0,0
1,0,48,1.0,294.83273599999995
1,0,48,0,0
1,0,48,17.338654399999996,786818.1274240001
1,0,48,621.1678960000002,793262.6227840001
1,0,48,0,9946.723300799997
1,0,48,0,281902.77398880036
1,0,48,0,0
1,0,48,0,0
1,0,48,0,0
1,0,48,0,0
1,0,48,0,0
1,0,48,0,0
1,0,48,151.0,756267.3480960001
1,0,48,2.0,838851.7579519995
1,0,48,15.0,846100.5265184
1,0,48,0,0
1,0,48,0,0
1,0,48,17.0,601206.5724559996
1,0,48,15.691767999999996,17579.660768
1,0,48,486.947919999999,10170.6874784
1,0,48,0,0
1,0,48,529.4194880000001,17665.642
1,0,48,804.8377480000001,919002.12816
1,0,48,0,0
1,0,48,0,0
1,0,48,221.2060479999992,705149.7564800001
1,0,48,0,0
1,0,48,0,0
1,0,48,1.0,0
1,0,48,0,334849.3784319988
1,0,48,435.3701728,158.38812799999994
1,0,48,0,0
1,0,48,3.8280063999999925,40908.93846400005
1,0,48,155.09509599999973,643448.2680639997
1,0,48,0,134.35214399999995
1,0,48,0,0
1,0,48,0,0
1,0,48,0,0
1,0,48,0,0
1,0,48,0,0
1,0,48,0,0
1,0,48,0,0
1,0,48,0,0
1,0,48,0,0
1,0,48,0,0
1,0,48,0,0
1,0,48,41.26210320000007,0
1,0,48,0,0
1,0,48,0,0
1,0,48,0,0
1,0,48,224.57706400000012,0
1,0,48,16.0,0
1,0,48,0,0
1,0,48,1.0,0
1,0,48,0,0
1,0,48,0,0
1,0,48,0,0
1,0,48,0,0
1,0,48,0,68.083724
1,0,48,0,0
1,0,48,0,0
1,0,48,0,0
1,0,48,0,0
1,0,48,0,0
1,0,48,0,0
1,0,48,0,0
1,0,48,0,232.0
1,0,48,0,0
1,0,48,0,0
1,0,48,0,0
1,0,48,0,0
1,0,48,0,0
1,0,48,0,0
1,0,48,15.0,17539.429144
1,0,48,613.59178,683321.0201600001
1,0,48,609.2130400000002,10553.622256000046
1,0,48,0,0
1,0,48,0,0
1,0,48,1.0,39048.67143999997
1,0,48,427.1141703999999,17550.340288
1,0,48,623.4119512,734509.8478584003
1,0,48,4.0,23394.903776000057
1,0,48,4.041694399999983,787819.8461439998
1,0,48,814.5931679999999,797327.432464
1,0,48,595.3071279999999,411143.00096000097
1,0,48,17.36631920000002,17651.284416
1,0,48,933.5517319999997,1149096.2196479999
1,0,48,17.0,0
1,0,48,835.691008,1039238.039168
1,0,48,437.5496320000001,926466.39992
1,0,48,582.7978400000001,22914.366752000307
1,0,48,836.370632,41362.35090399997
1,0,48,870.0992320000005,818220.1242599995
1,0,48,838.3393496,836677.1902208001
1,0,48,796.7036800000001,1085724.33204
1,0,48,611.4961599999999,790632.13504
1,0,48,724.0,1035784.7279360001
1,0,48,816.377808,1096809.0919999997
1,0,48,506.24029999999993,237091.58291200083
1,0,48,630.8638719999999,1039430.0631296
1,0,48,575.8516159999999,889698.1770880001
1,0,48,621.3059919999998,158.0
1,0,48,610.7455000000001,847726.6142336001
1,0,48,835.1059552,930848.8626560002
1,0,48,835.8892192000001,772303.5233519999
1,0,48,595.3769199999999,797413.3333119999
1,0,48,781.2692608000002,850598.2030479999
1,0,48,688.0,66.0
1,0,48,590.184328,851038.8845199998
1,0,48,623.511736,43386.10171840014
1,0,48,688.0,838560.8487679999
1,0,48,589.0789599999999,1023117.585224
1,0,48,1.0,865386.1548400002
1,0,48,680.6520399999998,739735.7104080002
1,0,48,689.6787056000001,356134.01632000005
1,0,48,17.74308799999997,557147.068704
1,0,48,801.5364079999999,845600.5166239999
1,0,48,802.9709679999999,485999.487808
1,0,48,623.4981832,1037544.3319039999
1,0,48,854.1173503999999,232.0
1,0,48,150.90533200000002,190248.68832000002
1,0,48,688.0,1035110.004224
1,0,48,724.0,133184.69900800183
1,0,48,722.088712,10612.084816000051
1,0,48,434.6942848,796539.1563599999
1,0,48,596.8028800000001,970984.4720480002
1,0,48,541.0557920000005,1046496.0015520002
1,0,48,293.83141599999965,705848.8016
1,0,48,650.4321343999999,1160572.9227840002
1,0,48,848.7871135999999,910416.3171136
1,0,48,825.88952,925746.15776
1,0,48,623.134048,674604.914684
1,0,48,0,0
1,0,48,757.3047680000002,0
1,0,48,152.4474615999999,558442.3484799999
1,0,48,0,0
1,0,48,0,0
1,0,48,0,0
1,0,48,0,0
1,0,48,0,0
1,0,48,2.0,17668.782496
1,0,48,0,0
1,0,48,0,0
1,0,48,837.2427392,847883.4154040001
1,0,48,4.547624000000013,601304.9418367998
1,0,48,0,0
1,0,48,151.0,0
1,0,48,0,0
1,0,48,0,0
1,0,48,1.0,0
1,0,48,0,0
1,0,48,0,0
1,0,48,0,0
1,0,48,607.1519199999998,1038416.58944
1,0,48,0,6039.508223999976
1,0,48,0,0
1,0,48,7.8738175999999385,0
1,0,48,0,0
1,0,48,0,0
1,0,48,15.0,0
1,0,48,0,0
1,0,48,0,0
1,0,48,623.413168,0
1,0,48,840.7456496,11973.962655999976
1,0,48,0,0
1,0,48,0,0
1,0,48,655.0997120000001,585292.6018375998
1,0,48,0,3244.7623440000243
1,0,48,0,0
1,0,48,0,0
1,0,48,550.722008,41584.945503999974
1,0,48,49.84598399999996,1025872.333436
1,0,48,0,0
1,0,48,0,0
1,0,48,623.936368,562517.4813400002
1,0,48,0,0
1,0,48,0,0
1,0,48,0,0
1,0,48,1.0,703878.203632
1,0,48,514.0,443751.32633599837
1,0,48,0,0
1,0,48,0,0
1,0,48,688.0,158281.61812000006
1,0,48,15.0,1024421.627312
1,0,48,0,0
1,0,48,0,0
1,0,48,127.7054199999998,758157.3206559999
1,0,48,0,0
1,0,48,0,0
1,0,48,0,0
1,0,48,0,0
1,0,48,839.6891840000001,39139.12708000007
1,0,48,12.871632000000034,0
1,0,48,2.0,501793.16762400063
1,0,48,426.51306399999964,66.0
1,0,48,0,0
1,0,48,0,0
1,0,48,0,0
1,0,48,606.40408,491201.14416000014
1,0,48,0,0
1,0,48,0,0
1,0,48,0,0
1,0,48,626.4032320000001,557693.5579199999
1,0,48,832.7736800000002,620137.2927600003
1,0,48,282.16089999999974,164245.21711119992
1,0,48,0,0
1,0,48,0,0
1,0,48,0,0
1,0,48,615.0,136.71307679999995
1,0,48,2.0,665466.68128
1,0,48,590.3693679999999,485646.96596799995
1,0,48,815.6704199999999,932277.93248
1,0,48,0,0
1,0,48,0,0
1,0,48,148.0,781234.657632
1,0,48,0,0
1,0,48,0,0
1,0,48,0,0
1,0,48,0,876354.517488
1,0,48,0,0
1,0,48,0,0
1,0,48,0,0
1,0,48,16.0,103687.16331520167
1,0,48,4.0,675050.9856080001
1,0,48,557.9257120000002,2561.7901631999775
1,0,48,804.699688,559984.28476
1,0,48,724.0,2989.529976000027
1,0,48,529.8549439999999,525212.879496
1,0,48,0,0
1,0,48,0,0
1,0,48,0,0
1,0,48,0,0
1,0,48,0,0
1,0,48,290.9654775999997,879284.0417920002
1,0,48,723.5168679999999,844334.3601919997
1,0,48,0,0
1,0,48,0,0
1,0,48,0,0
1,0,48,0,0
1,0,48,1.0,0
1,0,48,0,0
1,0,48,2.0,0
1,0,48,0,0
1,0,48,168.86970400000018,767975.8847680001
1,0,48,629.773552,773938.1301408
1,0,48,3.0,324302.14992639824
1,0,48,0,158.0
1,0,48,0,0
1,0,48,0,0
1,0,48,0,0
1,0,48,0,0
1,0,48,0,0
1,0,48,0,0
1,0,48,16.0,775321.9126079998
1,0,48,577.9736,908447.350564
1,0,48,480.111495999999,877584.7218
1,0,48,0,0
1,0,48,0,0
1,0,48,555.0755920000003,703626.167416
1,0,48,622.7790640000001,17487.602944000002
1,0,48,551.8309879999999,0
1,0,48,0,0
1,0,48,532.0550912000002,357119.3071359997
1,0,48,722.9922160000001,493710.50508000003
1,0,48,0,0
1,0,48,0,0
1,0,48,667.8229375999999,799510.4175999997
1,0,48,0,0
1,0,48,0,0
1,0,48,0,0
1,0,48,14.803716000000009,636111.2062199997
1,0,48,149.884696,17599.064112
1,0,48,0,0
1,0,48,134.4792399999999,189822.830496
1,0,48,16.0,685695.5134240004
1,0,48,170.1699040000002,66.0
1,0,48,0,0
1,0,48,0,0
1,0,48,0,0
1,0,48,0,0
1,0,48,0,0
1,0,48,0,0
1,0,48,0,0
1,0,48,0,0
1,0,48,0,0
1,0,48,0,0
1,0,48,0,0
1,0,48,1.0,0
1,0,48,0,0
1,0,48,0,0
1,0,48,0,0
1,0,48,2.0,17612.488464000002
1,0,48,1.0,66.0
1,0,48,0,0
1,0,48,5.948067199999969,0
1,0,48,0,0
1,0,48,0,0
1,0,48,0,0
1,0,48,0,0
1,0,48,0,0
1,0,48,0,0
1,0,48,0,0
1,0,48,0,0
1,0,48,0,0
1,0,48,0,0
1,0,48,0,0
1,0,48,0,0
1,0,48,0,207985.1915199994
1,0,48,0,0
1,0,48,0,0
1,0,48,0,0
1,0,48,0,0
1,0,48,0,0
1,0,48,0,0
1,0,48,35.01172800000003,69.0
1,0,48,0,952380.0879199984
1,0,48,583.5400400000001,190662.868864
1,0,48,0,0
1,0,48,0,0
1,0,48,502.2384319999995,181421.26227999988
1,0,48,649.2522559999999,33053.97680000016
1,0,48,514.0,665187.73648
1,0,48,9.0,782377.4222879999
1,0,48,441.08111360000026,930386.0424799998
1,0,48,876.5598320000001,757582.149904
1,0,48,561.8860544000004,759498.148432
1,0,48,792.9692415999994,630923.6516399998
1,0,48,871.2648879999999,1163119.143648
1,0,48,428.63303199999933,368304.9642559999
1,0,48,872.863024,1062459.8214544
1,0,48,646.917856,901185.6999040006
1,0,48,629.6991039999999,277539.0258000003
1,0,48,804.6959080000001,361686.67215200013
1,0,48,940.2689599999999,836881.9704319998
1,0,48,814.3597799999999,856828.3756120002
1,0,48,654.8960000000001,1054747.0667680004
1,0,48,181.9626783999999,878812.5202200001
1,0,48,820.1292799999999,929876.0872159998
1,0,48,838.869392,1106288.4615968
1,0,48,552.761336,927092.3787199999
1,0,48,816.3149279999999,803181.061312
1,0,48,16.698455999999993,876248.2714
1,0,48,620.3404120000001,757124.4913408
1,0,48,552.671912,775940.546112
1,0,48,803.510464,1027773.8684
1,0,48,710.9321376000001,797485.009312
1,0,48,655.07912,845719.7744240001
1,0,48,753.1329920000012,607065.4050992001
1,0,48,722.783488,66.0
1,0,48,402.10959999999994,1099977.684032
1,0,48,712.3823135999999,188994.22180800003
1,0,48,863.3170479999993,1057426.825408
1,0,48,16.0,1129641.00764
1,0,48,552.039176,849630.7695040002
1,0,48,839.46488,758829.476704
1,0,48,629.421568,1013536.6577663997
1,0,48,619.0565728,689332.5969519999
1,0,48,602.3880879999999,556089.5308728
1,0,48,588.4073199999999,351.8345599999998
1,0,48,628.3409919999999,928518.91664
1,0,48,806.7140368000001,186862.5603399999
1,0,48,629.3344,625086.7818000005
1,0,48,434.83579360000004,1108383.9607520003
1,0,48,875.4845872000001,706399.5111679999
1,0,48,833.0102239999999,0
1,0,48,622.6600312,202986.66671199963
1,0,48,607.0523919999999,703440.8118976
1,0,48,666.9491840000001,1159482.5927519999
1,0,48,15.975448,748130.1022512
1,0,48,691.3027679999999,1031552.264792
1,0,48,801.888584,841282.1876480004
1,0,48,899.0648640000002,1092260.2875199995
1,0,48,722.348872,771058.0573695999
1,0,48,0,0
1,0,48,823.808144,0
1,0,48,9.0,39279.670758399996
1,0,48,0,0
1,0,48,0,0
1,0,48,0,0
1,0,48,0,0
1,0,48,0,0
1,0,48,2.0,40056.10340799995
1,0,48,0,0
1,0,48,0,0
1,0,48,821.6211704,782979.5748719999
1,0,48,1.0,0
1,0,48,0,0
1,0,48,17.0,0
1,0,48,0,0
1,0,48,0,0
1,0,48,2.0,166.1988120000001
1,0,48,0,0
1,0,48,0,0
1,0,48,0,0
1,0,48,677.437456,1089521.5285760001
1,0,48,13.49939999999998,38364.75874720007
1,0,48,0,0
1,0,48,0,0
1,0,48,0,0
1,0,48,0,0
1,0,48,2.0,0
1,0,48,0,0
1,0,48,0,0
1,0,48,724.0,710616.28064
1,0,48,834.00352,684082.082696
1,0,48,0,0
1,0,48,0,0
1,0,48,599.761312,158.0
1,0,48,0,188440.13759999996
1,0,48,0,0
1,0,48,0,0
1,0,48,1.4792320000000103,17536.388440000002
1,0,48,0,1070252.5701456
1,0,48,0,0
1,0,48,0,0
1,0,48,151.0,870712.2756400001
1,0,48,0,0
1,0,48,0,0
1,0,48,0,0
1,0,48,15.0,412397.07968000055
1,0,48,399.0476304,0
1,0,48,0,0
1,0,48,0,0
1,0,48,558.4388512,648350.4613600001
1,0,48,15.96828640000001,991884.9046400002
1,0,48,0,0
1,0,48,0,66.0
1,0,48,15.870808000000011,899990.0897919992
1,0,48,0,17616.738191999997
1,0,48,0,0
1,0,48,0,0
1,0,48,15.0,627243.9198
1,0,48,839.2434367999999,297.4064000000001
1,0,48,0,0
1,0,48,0,0
1,0,48,624.5266816,190571.5566976
1,0,48,0,0
1,0,48,0,0
1,0,48,0,0
1,0,48,624.8381439999999,3796.8557280000105
1,0,48,0,0
1,0,48,0,0
1,0,48,0,0
1,0,48,501.0322400000003,917064.0000480001
1,0,48,629.9452768,875286.7270240001
1,0,48,392.27683200000115,925138.5134399997
1,0,48,0,0
1,0,48,0,0
1,0,48,0,0
1,0,48,325.8979319999997,0
1,0,48,0,757927.4327487999
1,0,48,546.3192799999999,918665.2441919998
1,0,48,724.0,251160.28806400025
1,0,48,0,0
1,0,48,0,0
1,0,48,16.0,926729.55776
1,0,48,0,0
1,0,48,0,0
1,0,48,0,0
1,0,48,514.0,710534.5951999999
1,0,48,0,0
1,0,48,0,0
1,0,48,0,0
1,0,48,4.0,0
1,0,48,32.427840000000174,198607.2977440002
1,0,48,796.499272,68.811068
1,0,48,512.9347280000001,46148.26011999992
1,0,48,807.8561008000001,520953.91497600003
1,0,48,637.0732239999998,874813.2822399997
1,0,48,0,0
1,0,48,0,0
1,0,48,0,0
1,0,48,0,0
1,0,48,0,0
1,0,48,629.6560288,601440.5415392002
1,0,48,556.5670960000002,913610.4848464
1,0,48,0,0
1,0,48,0,0
1,0,48,0,0
1,0,48,0,0
1,0,48,16.0,292.7438000000003
1,0,48,0,0
1,0,48,0,232.0
1,0,48,0,0
1,0,48,796.5735159999999,478003.50014240143
1,0,48,554.181328,926539.0284800001
1,0,48,232.46488000000087,259337.0442880001
1,0,48,0,17543.785
1,0,48,0,0
1,0,48,0,0
1,0,48,0,0
1,0,48,0,0
1,0,48,0,0
1,0,48,0,0
1,0,48,2.0,827597.1797999998
1,0,48,637.4797960000001,864567.4614280002
1,0,48,647.0403583999998,780515.5628424
1,0,48,0,0
1,0,48,0,0
1,0,48,649.5678176,270454.80808800017
1,0,48,156.66834400000027,17584.971392
1,0,48,495.2933199999999,66.13678399999998
1,0,48,0,0
1,0,48,18.80734800000016,1005793.0237439998
1,0,48,840.1869919999999,1029629.062448
1,0,48,0,0
1,0,48,0,0
1,0,48,809.047624,556188.4956
1,0,48,0,0
1,0,48,0,0
1,0,48,2.0,1669.323008000008
1,0,48,1.0,618647.697
1,0,48,15.0,17604.9860376
1,0,48,0,0
1,0,48,0,0
1,0,48,656.74784,665199.64744
1,0,48,182.81524000000016,9306.093839999994
1,0,48,0,0
1,0,48,0,0
1,0,48,0,0
1,0,48,0,0
1,0,48,0,0
1,0,48,0,0
1,0,48,0,0
1,0,48,0,0
1,0,48,0,0
1,0,48,0,0
1,0,48,0,0
1,0,48,176.26025200000007,0
1,0,48,0,0
1,0,48,0,0
1,0,48,0,0
1,0,48,290.30706399999985,0
1,0,48,434.1898864,0
1,0,48,0,0
1,0,48,277.06148800000005,0
1,0,48,2.0,0
1,0,48,0,0
1,0,48,0,0
1,0,48,0,0
1,0,48,1.0,68.940788
1,0,48,0,0
1,0,48,0,0
1,0,48,0,0
1,0,48,0,0
1,0,48,0,0
1,0,48,0,0
1,0,48,0,0
1,0,48,0,37834.58094400018
1,0,48,0,0
1,0,48,0,0
1,0,48,0,0
1,0,48,0,0
1,0,48,0,0
1,0,48,0,0
1,0,48,3.0,10190.66624
1,0,48,666.9238399999999,928500.5002400001
1,0,48,723.113824,0
1,0,48,0,0
1,0,48,0,0
1,0,48,16.0,17613.044772
1,0,48,615.0,780487.031808
1,0,48,712.111296,893033.3479552006
1,0,48,23.844360000000393,17639.7672576
1,0,48,41.632055999999494,915013.884856
1,0,48,837.906032,876244.0705
1,0,48,558.5786439999999,907173.5562880004
1,0,48,795.5908480000003,861938.1002319999
1,0,48,861.1238848,1116671.0299280006
1,0,48,443.0421919999999,700400.3346615997
1,0,48,948.213248,1087916.1918847999
1,0,48,582.85112,847176.2724728
1,0,48,413.44662399999993,747474.195096
1,0,48,858.050752,76936.73535999945
1,0,48,856.4104960000001,831283.4966399999
1,0,48,824.090408,1034050.6027520001
1,0,48,815.87424,927136.7926399999
1,0,48,660.5732480000001,772317.015336
1,0,48,812.091564,1059019.5036544001
1,0,48,903.0382079999999,1107082.3904528
1,0,48,598.3306600000001,876242.4865600001
1,0,48,811.4726031999999,596157.0411392
1,0,48,627.5893120000001,926825.10848
1,0,48,651.5169439999999,17696.799424
1,0,48,739.2018943999994,1130815.46732
1,0,48,867.8625759999998,1175663.2797760004
1,0,48,838.527896,755228.9963519999
1,0,48,564.0830239999999,1066416.9916800002
1,0,48,881.7474536,877962.99912
1,0,48,628.400752,0
1,0,48,538.3170847999996,1103610.2821999998
1,0,48,722.2650567999999,0
1,0,48,804.2131551999998,1028376.3031784
1,0,48,400.46886400000005,1061255.684296
1,0,48,183.80840800000001,1026302.163152
1,0,48,871.5978160000001,877110.78012
1,0,48,654.2536640000001,831884.030664
1,0,48,724.0,3042.5893920000062
1,0,48,688.565984,625284.26862
1,0,48,633.8694447999999,757454.022976
1,0,48,845.0806976000003,713645.6307839998
1,0,48,835.4519968,233230.47098559953
1,0,48,589.804312,21277.566559999643
1,0,48,823.228208,1111387.1296879994
1,0,48,874.1514880000001,1056401.6683264
1,0,48,836.49206,365.7436495999998
1,0,48,613.9684000000002,1006760.3965439997
1,0,48,444.44499679999996,1022377.3260240001
1,0,48,613.7747200000001,876239.4526
1,0,48,151.0,820253.4908400001
1,0,48,647.0719519999999,1078609.8467040004
1,0,48,813.3278760000001,1022408.5382399999
1,0,48,868.4024823999998,1061480.193328
1,0,48,723.4404064,876245.6572
1,0,48,0,0
1,0,48,912.2566400000002,295.53210319999977
1,0,48,16.0,650656.2187359994
1,0,48,0,0
1,0,48,0,0
1,0,48,0,7172.530132800019
1,0,48,0,0
1,0,48,0,0
1,0,48,4.0,769010.0974719998
1,0,48,0,0
1,0,48,0,0
1,0,48,914.8245200000008,804011.6055039999
1,0,48,1.9093599999999924,0
1,0,48,0,0
1,0,48,1.0,0
1,0,48,0,0
1,0,48,0,0
1,0,48,16.0,190517.86026239995
1,0,48,0,0
1,0,48,0,0
1,0,48,0,0
1,0,48,435.640768,1071368.8414079996
1,0,48,0,0
1,0,48,0,0
1,0,48,0.8687031999999988,0
1,0,48,0,0
1,0,48,0,0
1,0,48,0,0
1,0,48,0,0
1,0,48,0,0
1,0,48,685.0384239999998,918158.3502959998
1,0,48,839.8730912,865722.9614800002
1,0,48,0,0
1,0,48,0,0
1,0,48,149.92760799999994,857102.08012
1,0,48,1.0,360.6318799999989
1,0,48,0,0
1,0,48,0,0
1,0,48,724.0,188222.897688
1,0,48,0,873939.34084
1,0,48,0,0
1,0,48,0,0
1,0,48,17.3209856,755791.85088
1,0,48,0,0
1,0,48,0,0
1,0,48,0,0
1,0,48,8.39196800000002,607440.372632
1,0,48,77.39582719999873,232.0
1,0,48,0,0
1,0,48,0,0
1,0,48,688.0,554719.789728
1,0,48,17.256113599999992,1099357.2648800001
1,0,48,0,0
1,0,48,0,0
1,0,48,586.9429599999999,811626.8616240008
1,0,48,15.0,17666.4511
1,0,48,0,0
1,0,48,0,0
1,0,48,435.694144,26189.361344000317
1,0,48,902.780736,804337.6710016001
1,0,48,0,0
1,0,48,0,69.0
1,0,48,357.60043200000024,539973.8372799995
1,0,48,0,0
1,0,48,0,0
1,0,48,0,0
1,0,48,613.74712,794367.6478719999
1,0,48,0,0
1,0,48,0,0
1,0,48,0,0
1,0,48,659.1583999999998,1043436.477604
1,0,48,837.492608,1018730.708736
1,0,48,15.0,855345.474808
1,0,48,0,0
1,0,48,0,0
1,0,48,0,0
1,0,48,0,0
1,0,48,15.0,350.0
1,0,48,656.077376,742881.713796
1,0,48,706.8234480000008,909030.8907999998
1,0,48,0,0
1,0,48,0,0
1,0,48,239.59073439999997,794782.6856896
1,0,48,0,0
1,0,48,0,0
1,0,48,0,0
1,0,48,406.17364,281176.4299703998
1,0,48,0,0
1,0,48,0,0
1,0,48,0,0
1,0,48,514.0,647068.2592960006
1,0,48,437.28851199999997,876254.59156
1,0,48,661.752896,47299.44951040023
1,0,48,653.892608,794464.166752
1,0,48,600.0,549541.558408
1,0,48,628.1752768,926613.216176
1,0,48,0,0
1,0,48,0,0
1,0,48,0,0
1,0,48,0,0
1,0,48,0,0
1,0,48,572.6488400000002,1030240.9693495999
1,0,48,613.3307199999999,1034061.285248
1,0,48,0,0
1,0,48,0,0
1,0,48,0,0
1,0,48,0,0
1,0,48,0,69.0
1,0,48,0,0
1,0,48,650.5550240000001,124679.75948799972
1,0,48,0,0
1,0,48,849.2527424,493905.04404000036
1,0,48,762.455782399999,1076863.5313920001
1,0,48,176.11703199999994,630994.1070000007
1,0,48,0,17531.726440000002
1,0,48,0,0
1,0,48,0,0
1,0,48,0,0
1,0,48,0,0
1,0,48,0,0
1,0,48,0,0
1,0,48,4.0,706229.1975680001
1,0,48,840.9850592,47054.12531199976
1,0,48,839.0054,783657.434472
1,0,48,0,0
1,0,48,0,0
1,0,48,723.8713600000001,188245.487328
1,0,48,598.1969199999999,0
1,0,48,628.935328,0
1,0,48,0,0
1,0,48,123.82540000000009,936746.1344000001
1,0,48,833.0757439999995,1090203.008576
1,0,48,0,0
1,0,48,0,0
1,0,48,514.570696,455728.6330399985
1,0,48,0,0
1,0,48,0,0
1,0,48,2.0,66.0
1,0,48,15.0,557857.68552
1,0,48,17.0,17460.9530368
1,0,48,0,0
1,0,48,30.338760000000093,0
1,0,48,628.47592,797296.60624
1,0,48,517.1517304,90.24471359999944
1,0,48,0,0
1,0,48,0,0
1,0,48,0,0
1,0,48,0,0
1,0,48,0,0
1,0,48,0,0
1,0,48,0,0
1,0,48,0,0
1,0,48,0,0
1,0,48,0,0
1,0,48,0,0
1,0,48,15.0,66.0
1,0,48,0,0
1,0,48,0,0
1,0,48,0,0
1,0,48,17.0,539427.3574480001
1,0,48,620.1680776000001,331.65721600000086
1,0,48,0,0
1,0,48,9.0,0
1,0,48,0,0
1,0,48,0,0
1,0,48,0,0
1,0,48,0,0
1,0,48,2.0,136.47417120000006
1,0,48,0,0
1,0,48,0,0
1,0,48,0,0
1,0,48,0,0
1,0,48,0,0
1,0,48,0,0
1,0,48,0,0
1,0,48,0,66.0
1,0,48,0,0
1,0,48,0,0
1,0,48,0,0
1,0,48,0,0
1,0,48,0,0
1,0,48,0,0
1,0,48,15.581432799999988,232.0
1,0,48,559.9600240000002,1056888.200896
1,0,48,582.010256,87.71063040000061
1,0,48,0,0
1,0,48,0,0
1,0,48,398.723232,612467.1671839999
1,0,48,130.83321999999984,190602.128128
1,0,48,438.3618879999999,808646.6581199998
1,0,48,10.259371200000032,486362.867512
1,0,48,1.0,7918.405320000014
1,0,48,722.6362168,790472.2652799999
1,0,48,534.6051680000002,560291.9210200001
1,0,48,655.739168,526879.6499328007
1,0,48,876.636608,1057154.2320256
1,0,48,507.98094799999984,606414.610664
1,0,48,895.5449255999995,697705.1367952004
1,0,48,472.6564120000003,878112.17712
1,0,48,723.850192,248902.46449599945
1,0,48,803.6507200000001,2651.5773408000096
1,0,48,770.8783615999989,561757.680184
1,0,48,677.8728400000002,764457.540976
1,0,48,816.1778879999999,1094206.67552
1,0,48,623.438464,17607.9161712
1,0,48,401.16870399999993,1081982.1732
1,0,48,855.5105919999999,1034731.261184
1,0,48,551.607608,922919.2504800002
1,0,48,783.3131776000005,763626.0946672
1,0,48,553.8257839999999,685535.516392
1,0,48,695.2287840000007,0
1,0,48,785.0394879999999,925511.1614640002
1,0,48,628.214656,1086494.061248
1,0,48,813.3275280000003,788997.92512
1,0,48,436.58879679999984,920070.1966799999
1,0,48,868.18204,862268.9938719998
1,0,48,652.23104,255.69224000000054
1,0,48,496.72803999999945,778580.8904495998
1,0,48,626.5796416000001,190.55362319999895
1,0,48,790.8071680000003,910909.9370223997
1,0,48,15.0,1033873.31648
1,0,48,2.0,774994.056816
1,0,48,723.1456648000001,630676.3890000002
1,0,48,518.4605176,184598.07083200006
1,0,48,770.9040319999997,0
1,0,48,622.9566639999999,555073.911372
1,0,48,610.4574399999999,17531.442759999998
1,0,48,786.5735679999998,797320.89424
1,0,48,801.965828,190572.5931904
1,0,48,15.69095200000001,297.28556000000003
1,0,48,625.019392,1103431.9164799997
1,0,48,804.057628,841351.138304
1,0,48,627.361312,17542.79752
1,0,48,219.5159200000001,845267.000768
1,0,48,628.4481040000001,788948.2001920001
1,0,48,151.0,814415.61648
1,0,48,588.5616399999999,796323.46308
1,0,48,717.1694400000002,1156995.221184
1,0,48,851.791424,793285.57504
1,0,48,858.790528,1041015.4031359999
1,0,48,834.772528,685248.3422320002
1,0,48,0,0
1,0,48,880.6765879999999,40554.03476800004
1,0,48,288.2847736,198668.19376
1,0,48,0,0
1,0,48,0,0
1,0,48,0,0
1,0,48,0,0
1,0,48,0,0
1,0,48,151.0,17599.1150112
1,0,48,0,0
1,0,48,0,0
1,0,48,802.5481120000001,888996.7104640002
1,0,48,15.0,0
1,0,48,0,0
1,0,48,49.85373600000037,0
1,0,48,0,0
1,0,48,0,0
1,0,48,148.0,158.0
1,0,48,0,0
1,0,48,0,0
1,0,48,0,0
1,0,48,623.9943856,1130583.00344
1,0,48,0,44.079657599999535
1,0,48,0,0
1,0,48,0,0
1,0,48,0,0
1,0,48,0,0
1,0,48,0,0
1,0,48,0,0
1,0,48,0,0
1,0,48,551.6335280000001,190639.40531200002
1,0,48,801.442832,350.0527184000001
1,0,48,0,0
1,0,48,0,0
1,0,48,516.5404119999998,397324.2022400009
1,0,48,4.117184000000009,47.60342400000033
1,0,48,0,0
1,0,48,0,0
1,0,48,597.3196,68.67276799999999
1,0,48,0,787439.1867519999
1,0,48,0,0
1,0,48,0,0
1,0,48,172.32123999999976,17519.551936
1,0,48,0,0
1,0,48,0,0
1,0,48,0,0
1,0,48,1.0,756140.00832
1,0,48,566.7753920000001,68.42248400000001
1,0,48,0,0
1,0,48,0,0
1,0,48,532.4979199999999,378625.5056000011
1,0,48,135.41020000000006,1036040.244608
1,0,48,0,0
1,0,48,0,66.0
1,0,48,596.2684,602641.2018823999
1,0,48,0.9370311999999927,158.0
1,0,48,0,0
1,0,48,0,0
1,0,48,191.7287680000004,10171.744064
1,0,48,811.4134,659227.64716
1,0,48,1.0,0
1,0,48,0,17754.9029488
1,0,48,434.435776,17600.780208
1,0,48,0,0
1,0,48,0,0
1,0,48,0,0
1,0,48,615.0,772296.6173759999
1,0,48,0,0
1,0,48,0,0
1,0,48,0,0
1,0,48,571.183712,601824.974408
1,0,48,837.770888,665550.53512
1,0,48,17.0,213600.61840000006
1,0,48,0,0
1,0,48,0,0
1,0,48,0,0
1,0,48,141.36609999999936,28659.61907839951
1,0,48,15.398312800000014,17467.556416
1,0,48,611.3208400000001,760320.5475519999
1,0,48,810.680248,797448.74944
1,0,48,0,0
1,0,48,0,0
1,0,48,514.0,703632.9645519999
1,0,48,0,0
1,0,48,0,0
1,0,48,0,0
1,0,48,15.0,1444.8230911999913
1,0,48,0,0
1,0,48,0,0
1,0,48,0,0
1,0,48,315.21345599999995,38794.87389760001
1,0,48,151.0,348188.2858480024
1,0,48,666.6618368,66.0
1,0,48,688.0,788385.9066879998
1,0,48,687.4211199999996,555217.438092
1,0,48,688.0,794781.1068928
1,0,48,0,0
1,0,48,0,0
1,0,48,0,0
1,0,48,0,0
1,0,48,0,0
1,0,48,549.3974527999998,859914.7143136
1,0,48,696.9451200000001,1022334.758904
1,0,48,0,0
1,0,48,0,0
1,0,48,0,0
1,0,48,0,0
1,0,48,0,0
1,0,48,0,0
1,0,48,434.44081600000004,159.9622928
1,0,48,0,0
1,0,48,628.473904,63215.923839998584
1,0,48,613.985608,782782.5233712001
1,0,48,259.1079832000011,772000.500324
1,0,48,0,0
1,0,48,0,0
1,0,48,0,0
1,0,48,0,0
1,0,48,0,0
1,0,48,0,0
1,0,48,0,0
1,0,48,158.503528,1028096.359352
1,0,48,650.7309055999999,585865.9229407997
1,0,48,615.0,793863.0033855999
1,0,48,0,0
1,0,48,0,0
1,0,48,623.8451536,543083.4598959998
1,0,48,15.0,17531.6944
1,0,48,537.2258095999999,0
1,0,48,0,0
1,0,48,407.9647768000001,557213.13252
1,0,48,626.163808,869124.54892
1,0,48,0,0
1,0,48,0,0
1,0,48,436.27753600000017,363109.7749040001
1,0,48,0,0
1,0,48,0,0
1,0,48,0,195.4848143999998
1,0,48,3.7410736000000213,66.0
1,0,48,207.94321599999978,540464.7219520004
1,0,48,0,0
1,0,48,414.6388479999998,0
1,0,48,586.1365599999999,184208.3308479999
1,0,48,15.406352800000008,400.04710399998294
1,0,48,0,0
1,0,48,0,0
1,0,48,0,0
1,0,48,0,0
1,0,48,0,0
1,0,48,0,0
1,0,48,0,0
1,0,48,0,0
1,0,48,0,0
1,0,48,0,0
1,0,48,0,0
1,0,48,15.0,0
1,0,48,1.0,0
1,0,48,0,0
1,0,48,0,0
1,0,48,43.78574399999988,15088.485260799971
1,0,48,88.85311999999976,0
1,0,48,0,0
1,0,48,6.579584000000068,0
1,0,48,0,0
1,0,48,0,0
1,0,48,0,0
1,0,48,0,0
1,0,48,0,0
1,0,48,0,0
1,0,48,0,0
1,0,48,0,0
1,0,48,0,0
1,0,48,0,0
1,0,48,0,0
1,0,48,0,0
1,0,48,0,0
1,0,48,0,0
1,0,48,0,0
1,0,48,0,0
1,0,48,0,0
1,0,48,0,0
1,0,48,0,0
1,0,48,2.0,0
1,0,48,186.09879280000004,711793.635776
1,0,48,780.4483840000003,158.0
1,0,48,0,0
1,0,48,0,0
1,0,48,514.0,17667.169732
1,0,48,648.2704639999998,207755.32527999967
1,0,48,457.40175999999997,770314.0322560002
1,0,48,476.9642679999995,537055.7091040006
1,0,48,0,926808.0152000001
1,0,48,820.350032,871810.8346119998
1,0,48,582.0641599999997,755575.9932672
1,0,48,798.19036,602462.307032
1,0,48,834.1606432,1112659.1359472
1,0,48,16.0,29662.10110400025
1,0,48,880.387208,843173.3131520001
1,0,48,576.9362239999998,1089506.02112
1,0,48,556.1542528,669566.1635119998
1,0,48,861.4628920000002,561691.65784
1,0,48,701.9433600000001,1028784.507812
1,0,48,857.9907232,794848.1858559999
1,0,48,600.0,1060647.3895024
1,0,48,278.48291200000006,771722.914752
1,0,48,633.2327199999999,1084882.31814
1,0,48,834.7722160000001,1082235.922584
1,0,48,555.5846824000001,1022799.5418200002
1,0,48,801.3464312000001,915663.77628
1,0,48,629.820928,924279.8774400004
1,0,48,623.683792,414001.7739199991
1,0,48,587.34304,1023875.7194000001
1,0,48,615.0,1061423.2520559998
1,0,48,622.0780480000001,838750.8461312001
1,0,48,271.87581520000003,789377.5171839999
1,0,48,629.3815984,861650.050624
1,0,48,689.708744,362778.3851120001
1,0,48,432.9317200000001,1022340.4140000001
1,0,48,721.5068640000001,189044.74672799997
1,0,48,831.58712,819423.7422
1,0,48,441.38388799999984,1084371.5276640002
1,0,48,15.63786399999998,927746.1788
1,0,48,723.220924,411018.55040000053
1,0,48,688.8842528,926917.51232
1,0,48,615.0,69.0
1,0,48,703.3462799999998,613709.930744
1,0,48,801.220208,265469.05932000047
1,0,48,804.4429359999999,914731.8360879996
1,0,48,839.7697760000001,17667.348256
1,0,48,290.02486,17532.57532
1,0,48,688.0,1097684.7751520001
1,0,48,831.5346559999997,670955.1583711996
1,0,48,801.5190560000001,0
1,0,48,17.204372000000006,677862.9489439998
1,0,48,438.87308799999994,783874.882692
1,0,48,157.0813624,1091582.0829800002
1,0,48,436.9897983999999,756323.8640640001
1,0,48,801.6927296,1057598.3779648002
1,0,48,814.33992,713030.2977600001
1,0,48,858.753472,1043716.4696560003
1,0,48,228.32536000000022,1022305.90152
1,0,48,0,0
1,0,48,802.8353199999999,4128.337920000004
1,0,48,600.0,491600.9073479995
1,0,48,0,0
1,0,48,0,0
1,0,48,0,0
1,0,48,0,0
1,0,48,0,0
1,0,48,372.67742400000094,358685.59198399994
1,0,48,0,0
1,0,48,0,0
1,0,48,723.823072,279883.418136
1,0,48,2.0,39817.91300799997
1,0,48,0,0
1,0,48,181.21936000000008,0
1,0,48,0,0
1,0,48,0,0
1,0,48,2.0,0
1,0,48,0,0
1,0,48,0,0
1,0,48,0,0
1,0,48,581.5537759999997,1036662.640256
1,0,48,1.0,0
1,0,48,0,0
1,0,48,0,0
1,0,48,0,0
1,0,48,4.0,0
1,0,48,0,0
1,0,48,0,0
1,0,48,0,0
1,0,48,594.1524400000001,557206.8950159999
1,0,48,802.741792,599809.5589759998
1,0,48,0,0
1,0,48,0,0
1,0,48,608.5969600000001,506229.0392400002
1,0,48,0,190580.711488
1,0,48,0,0
1,0,48,0,0
1,0,48,552.8643463999999,232.0
1,0,48,0,885419.3357440011
1,0,48,0,0
1,0,48,0,0
1,0,48,514.0,611787.7663999997
1,0,48,2.0,0
1,0,48,0,0
1,0,48,0,0
1,0,48,5.879071999999951,529018.0910664005
1,0,48,4.0,158.0
1,0,48,0,0
1,0,48,0,0
1,0,48,688.0,347703.7365040001
1,0,48,16.030055999999973,980085.9032720004
1,0,48,0,0
1,0,48,0,0
1,0,48,2.0,915055.881088
1,0,48,2.0,10188.8312768
1,0,48,0,0
1,0,48,0,0
1,0,48,1.0,66.0
1,0,48,834.1441936,639732.7131039996
1,0,48,0,0
1,0,48,2.0,0
1,0,48,16.0,485999.1386343999
1,0,48,0,0
1,0,48,0,0
1,0,48,0,0
1,0,48,597.1804,638766.8416000002
1,0,48,0,0
1,0,48,0,0
1,0,48,0,0
1,0,48,555.4192527999999,787498.1409280002
1,0,48,722.3314888,909006.0905560001
1,0,48,25.16700000000003,211208.83359999987
1,0,48,0,0
1,0,48,0,0
1,0,48,0,0
1,0,48,150.90608799999998,0
1,0,48,2.0,66.0
1,0,48,399.051984,688294.2116559997
1,0,48,688.0,775374.4779168
1,0,48,0,0
1,0,48,0,0
1,0,48,1.0,927026.36576
1,0,48,0,0
1,0,48,0,0
1,0,48,0,0
1,0,48,369.4134120000005,546391.1660079998
1,0,48,0,0
1,0,48,0,0
1,0,48,0,0
1,0,48,443.39412799999997,0
1,0,48,35.94018960000005,762737.8917759999
1,0,48,592.7687560000002,213344.81278
1,0,48,616.7752672000001,722515.8333120004
1,0,48,803.6130640000001,3162.1523999999763
1,0,48,629.17612,774357.597312
1,0,48,0,0
1,0,48,0,0
1,0,48,0,0
1,0,48,0,0
1,0,48,0,0
1,0,48,521.2493311999997,1049045.0716911997
1,0,48,702.6241920000001,783874.6085016
1,0,48,0,0
1,0,48,0,0
1,0,48,0,0
1,0,48,0,0
1,0,48,2.0,66.0
1,0,48,0,0
1,0,48,17.153143999999998,12786.472316800013
1,0,48,0,0
1,0,48,722.3632600000001,754932.4266240001
1,0,48,782.6780415999997,798519.728896
1,0,48,5.666479999999979,678819.2929039998
1,0,48,0,210095.76148000007
1,0,48,0,0
1,0,48,0,0
1,0,48,0,0
1,0,48,0,0
1,0,48,0,0
1,0,48,0,0
1,0,48,148.0,909618.1467520001
1,0,48,622.6773760000001,715130.8672319998
1,0,48,600.0,858977.6541280005
1,0,48,0,0
1,0,48,0,0
1,0,48,633.680296,772122.3414720001
1,0,48,2.0,276204.77539679996
1,0,48,398.530728,17611.25916
1,0,48,0,0
1,0,48,622.5440176,797434.76272
1,0,48,822.636512,926086.0923199999
1,0,48,0,0
1,0,48,0,0
1,0,48,689.024768,698749.1744079997
1,0,48,0,0
1,0,48,0,0
1,0,48,0,17671.225024
1,0,48,16.0,190584.665536
1,0,48,0.8829159999999945,11959.272063999964
1,0,48,0,0
1,0,48,0,254.28387200000043
1,0,48,525.8952320000001,835798.1838000003
1,0,48,38.26176000000024,2034.023582399965
1,0,48,0,0
1,0,48,0,0
1,0,48,0,0
1,0,48,0,0
1,0,48,0,0
1,0,48,0,0
1,0,48,0,0
1,0,48,0,0
1,0,48,0,0
1,0,48,0,0
1,0,48,0,0
1,0,48,0,0
1,0,48,0,0
1,0,48,0,0
1,0,48,0,0
1,0,48,416.95079680000003,0
1,0,48,410.0836479999998,142.28584799999976
1,0,48,0,0
1,0,48,144.29679999999965,0
1,0,48,0,0
1,0,48,0,0
1,0,48,0,0
1,0,48,0,0
1,0,48,15.093699999999984,0
1,0,48,0,0
1,0,48,0,0
1,0,48,0,0
1,0,48,0,0
1,0,48,0,0
1,0,48,0,0
1,0,48,0,0
1,0,48,0,0
1,0,48,0,0
1,0,48,0,0
1,0,48,0,0
1,0,48,0,0
1,0,48,0,0
1,0,48,0,0
1,0,48,12.26634960000007,0
1,0,48,505.3420831999999,781635.965748
1,0,48,612.5843199999999,194.84958480000026
1,0,48,0,0
1,0,48,0,0
1,0,48,215.27872000000013,505702.4423999997
1,0,48,16.0,282382.6726080009
1,0,48,582.29264,845350.8364639999
1,0,48,50.28511200000045,17620.037376
1,0,48,2.0,769365.5188768002
1,0,48,661.9658624000003,796062.22188
1,0,48,442.527536,557091.62568
1,0,48,614.9483200000001,486998.602624
1,0,48,836.981048,1057992.738496
1,0,48,15.751120000000014,305.4718240000002
1,0,48,823.7574752000003,986891.2860320024
1,0,48,585.7836400000001,721192.7460864005
1,0,48,628.591264,759619.1695840001
1,0,48,765.2835583999995,211706.80968400004
1,0,48,752.411264000001,779317.76208
1,0,48,622.4185600000001,778444.1721600001
1,0,48,600.0,864793.1959215999
1,0,48,626.681248,765836.645728
1,0,48,618.351208,885509.689408001
1,0,48,834.4673727999999,853274.8074399998
1,0,48,498.01324000000056,877403.8672799999
1,0,48,724.0,757022.4075520001
1,0,48,149.961592,559840.0717600001
1,0,48,600.0,232.0
1,0,48,689.64248,935263.7575039999
1,0,48,723.36028,1062224.638912
1,0,48,798.5481280000001,592348.2934759997
1,0,48,10.751592000000016,834922.537104
1,0,48,836.8199840000001,790271.93056
1,0,48,514.0,159.85268000000008
1,0,48,127.28440000000023,841912.2391040002
1,0,48,438.698176,158.0
1,0,48,600.0,755407.7966592
1,0,48,54.4825919999995,1034238.4096640002
1,0,48,2.6949439999999925,810491.5394399995
1,0,48,623.0503047999999,849736.731976
1,0,48,586.35544,764528.2619200001
1,0,48,623.2799583999999,0
1,0,48,123.96279999999993,190571.536
1,0,48,476.31435999999957,17663.11588
1,0,48,693.5202240000002,852186.109984
1,0,48,770.4222079999986,362197.8877399999
1,0,48,14.075234400000028,320185.6272399988
1,0,48,563.3589440000005,1036007.333888
1,0,48,787.925632,922630.923
1,0,48,657.4302080000002,350.0
1,0,48,584.022704,787858.3076224
1,0,48,398.321328,860434.5424839996
1,0,48,149.09823999999995,909219.7355848001
1,0,48,15.0,577700.5151600003
1,0,48,398.95808160000007,1026465.4126064001
1,0,48,669.9570560000002,865962.1314399999
1,0,48,727.2159680000009,872127.3423999998
1,0,48,553.8297656,796784.8941599999
1,0,48,0,0
1,0,48,724.0,350.0
1,0,48,430.9765840000003,555924.0399839999
1,0,48,0,0
1,0,48,0,0
1,0,48,0,0
1,0,48,0,0
1,0,48,0,0
1,0,48,5.074975999999992,495242.8587600001
1,0,48,0,0
1,0,48,0,0
1,0,48,801.3393368000001,766582.2280000001
1,0,48,1.0,158.63140159999995
1,0,48,0,0
1,0,48,1.0,0
1,0,48,0,0
1,0,48,0,0
1,0,48,15.0,66.0
1,0,48,0,0
1,0,48,0,0
1,0,48,0,0
1,0,48,34.83688319999999,1035075.4209919998
1,0,48,0,0
1,0,48,0,0
1,0,48,0,0
1,0,48,0,0
1,0,48,0,0
1,0,48,0,0
1,0,48,0,0
1,0,48,0,0
1,0,48,402.12176080000006,584411.739372801
1,0,48,521.7051200000001,10171.725248
1,0,48,0,0
1,0,48,0,0
1,0,48,435.179728,685179.967432
1,0,48,1.0,146.06340480000003
1,0,48,0,0
1,0,48,0,0
1,0,48,518.6130112000001,17578.1461472
1,0,48,0,797340.2084799999
1,0,48,0,0
1,0,48,0,0
1,0,48,600.0,102621.89816319956
1,0,48,0,0
1,0,48,0,0
1,0,48,0,0
1,0,48,4.206320000000005,668648.7420823995
1,0,48,2.0,17666.43868
1,0,48,0,0
1,0,48,0,0
1,0,48,557.7470103999999,562346.4719319999
1,0,48,16.0,922407.5532000002
1,0,48,0,0
1,0,48,0,293.0242399999996
1,0,48,465.68368,556883.6077200001
1,0,48,8.439296000000013,232.0
1,0,48,0,0
1,0,48,0,0
1,0,48,16.0,214683.33337599985
1,0,48,828.1748000000001,17674.885468
1,0,48,0,0
1,0,48,0,0
1,0,48,4.0,185396.1297280001
1,0,48,0,0
1,0,48,0,0
1,0,48,0,0
1,0,48,553.364912,697131.8824719999
1,0,48,0,0
1,0,48,0,0
1,0,48,0,0
1,0,48,15.0,792511.6992639999
1,0,48,784.0297984000003,350.0
1,0,48,0,557623.35324
1,0,48,0,0
1,0,48,0,0
1,0,48,0,0
1,0,48,33.16226400000002,0
1,0,48,1.0,17567.687488
1,0,48,548.7319999999994,745075.5304319998
1,0,48,592.4482,554084.5313039998
1,0,48,0,0
1,0,48,0,0
1,0,48,2.0,770923.9192960002
1,0,48,0,0
1,0,48,0,0
1,0,48,0,0
1,0,48,220.75804000000045,757569.4084192
1,0,48,0,0
1,0,48,0,0
1,0,48,0,0
1,0,48,17.0,360272.45168000006
1,0,48,2.630767999999989,241454.81832639975
1,0,48,615.57064,552.144512000023
1,0,48,610.7205999999999,189485.64132000002
1,0,48,722.4243136,315.10043199999956
1,0,48,688.0,861845.9090560002
1,0,48,0,0
1,0,48,0,0
1,0,48,0,0
1,0,48,0,0
1,0,48,0,0
1,0,48,184.55368000000016,845482.6188704001
1,0,48,626.945968,795851.1974400001
1,0,48,0,0
1,0,48,0,0
1,0,48,0,0
1,0,48,0,0
1,0,48,2.0,17479.258432
1,0,48,0,0
1,0,48,16.0,17570.8050304
1,0,48,0,0
1,0,48,585.18526,277940.39133600006
1,0,48,613.846,771641.349576
1,0,48,7.6915136000000075,226045.49262880007
1,0,48,0,342.66311200000007
1,0,48,0,0
1,0,48,0,0
1,0,48,0,0
1,0,48,0,0
1,0,48,0,0
1,0,48,0,0
1,0,48,101.31180800000084,754655.1406848
1,0,48,609.5649520000001,789092.72896
1,0,48,622.51864,634980.9662400001
1,0,48,0,0
1,0,48,0,0
1,0,48,589.0879600000001,190671.8110336
1,0,48,17.074472000000014,66.0
1,0,48,2.0,158.0
1,0,48,0,0
1,0,48,420.8614480000006,186778.3810960001
1,0,48,643.3376560000002,919299.0419999999
1,0,48,0,0
1,0,48,0,0
1,0,48,554.9559760000001,251404.44179199892
1,0,48,0,0
1,0,48,0,0
1,0,48,1.0,17738.344431999998
1,0,48,3.0,17613.784027200003
1,0,48,18.27047999999965,38671.49127039994
1,0,48,0,0
1,0,48,2.0,0
1,0,48,189.18476799999954,738547.1491967996
1,0,48,4.718441600000006,17611.245899999998
1,0,48,0,0
1,0,48,0,0
1,0,48,0,0
1,0,48,0,0
1,0,48,0,0
1,0,48,0,0
1,0,48,0,0
1,0,48,0,0
1,0,48,0,0
1,0,48,0,0
1,0,48,0,0
1,0,48,441.52428800000007,0
1,0,48,0,0
1,0,48,0,0
1,0,48,0,0
1,0,48,2.0,66.0
1,0,48,15.0,183696.88844799998
1,0,48,0,0
1,0,48,2.0,0
1,0,48,0,0
1,0,48,0,0
1,0,48,0,0
1,0,48,0,0
1,0,48,0,0
1,0,48,0,0
1,0,48,0,0
1,0,48,0,0
1,0,48,0,0
1,0,48,0,0
1,0,48,0,0
1,0,48,0,0
1,0,48,0,66.0
1,0,48,0,0
1,0,48,0,0
1,0,48,1.206711999999996,0
1,0,48,0,0
1,0,48,0,0
1,0,48,0,0
1,0,48,434.23134400000004,339.55547199999944
1,0,48,175.45742800000016,1023708.582584
1,0,48,452.9173599999999,0
1,0,48,0,0
1,0,48,0,0
1,0,48,400.6033456,26225.889593600114
1,0,48,4.0,347403.1932399998
1,0,48,431.5503952,487384.86994
1,0,48,8.992832000000021,58578.09318399961
1,0,48,0,660792.3536800011
1,0,48,723.5644,472461.51008000004
1,0,48,184.8921280000001,535254.5169599998
1,0,48,618.8106376000001,554146.980696
1,0,48,724.0,1032284.861696
1,0,48,148.0,21536.889248000392
1,0,48,817.6213759999999,797478.626848
1,0,48,278.29897600000004,703483.8322144
1,0,48,538.1162479999999,517922.3161391998
1,0,48,688.8613088,169.42258080000002
1,0,48,688.344704,709540.2675199999
1,0,48,669.3944960000003,364829.61040640005
1,0,48,796.945168,870226.2205599998
1,0,48,627.103744,248765.7862816003
1,0,48,445.2384799999999,859882.0839928004
1,0,48,688.010912,872736.8400400002
1,0,48,4.0,798744.5417344
1,0,48,653.3824160000001,122653.54662399954
1,0,48,590.20912,194284.0513599997
1,0,48,664.2661760000001,32714.254783999862
1,0,48,624.84112,977287.5429920009
1,0,48,722.6413528,927933.7900640001
1,0,48,688.123424,558148.05378
1,0,48,435.597616,768458.4926463999
1,0,48,643.6251328000005,777353.9767824
1,0,48,688.011056,0
1,0,48,279.9773824,789923.4115072001
1,0,48,209.33523519999983,144396.98291199942
1,0,48,722.4788080000001,720575.9583743997
1,0,48,117.65400319999992,786568.5233536
1,0,48,17.0,873303.63826
1,0,48,711.5846160000001,880594.5201280003
1,0,48,588.242116,625578.6315600008
1,0,48,399.331128,158.0
1,0,48,631.763104,68.58286399999999
1,0,48,328.4552160000006,2149.0559040000235
1,0,48,435.19027360000007,771641.162928
1,0,48,665.7887360000004,69.0
1,0,48,17.0,221422.07209600037
1,0,48,537.0275648000002,962745.902720001
1,0,48,815.7246,764982.5072704003
1,0,48,595.3547199999998,0
1,0,48,514.34062,489666.5384280005
1,0,48,530.8790720000002,710322.3866240002
1,0,48,129.833799999999,797065.3453200001
1,0,48,516.6928048,762642.7563616
1,0,48,442.39865599999985,1022490.667704
1,0,48,671.5550719999997,848528.27024
1,0,48,825.8168000000001,1022450.614824
1,0,48,615.0,486207.7770351999
1,0,48,0,0
1,0,48,751.6363135999995,10181.9823872
1,0,48,148.38633280000002,232.0
1,0,48,0,0
1,0,48,0,0
1,0,48,0,0
1,0,48,0,0
1,0,48,0,0
1,0,48,2.9620879999999943,10505.27821599997
1,0,48,0,0
1,0,48,0,0
1,0,48,677.6840200000003,669638.390888
1,0,48,0,232.0
1,0,48,0,0
1,0,48,404.68291600000043,0
1,0,48,0,0
1,0,48,0,0
1,0,48,3.0,0
1,0,48,0,0
1,0,48,0,0
1,0,48,0,0
1,0,48,440.11798400000004,1061131.239424
1,0,48,0.5469879999999989,350.0
1,0,48,0,0
1,0,48,0,0
1,0,48,0,0
1,0,48,0,0
1,0,48,0,0
1,0,48,0,0
1,0,48,0,0
1,0,48,622.47352,201.68251200000037
1,0,48,653.463776,3574.27248
1,0,48,0,0
1,0,48,0,0
1,0,48,17.0,67.41881599999999
1,0,48,2.0,0
1,0,48,0,0
1,0,48,0,0
1,0,48,16.0,17606.36724
1,0,48,2.0,796972.8951600001
1,0,48,0,0
1,0,48,0,0
1,0,48,410.17888000000016,514169.6679600002
1,0,48,0,0
1,0,48,0,0
1,0,48,0,0
1,0,48,2.0,281126.6652840001
1,0,48,197.85625600000003,10179.664256
1,0,48,0,0
1,0,48,0,0
1,0,48,521.6110303999998,17600.4766272
1,0,48,2.0,876971.143164
1,0,48,0,0
1,0,48,0,0
1,0,48,206.74924960000004,679310.4836455996
1,0,48,2.0,205.1996256000003
1,0,48,0,0
1,0,48,0,0
1,0,48,3.0,17491.7007232
1,0,48,835.1421472,6971.843404800024
1,0,48,0,0
1,0,48,0,160.09812799999992
1,0,48,3.0,0
1,0,48,0,0
1,0,48,0,0
1,0,48,0,0
1,0,48,437.71191999999996,17658.202272000002
1,0,48,0,0
1,0,48,0,0
1,0,48,0,0
1,0,48,434.8652032,652359.7518400007
1,0,48,637.5352432,213061.304272
1,0,48,15.372208,188600.09294400012
1,0,48,0,0
1,0,48,0,0
1,0,48,0,0
1,0,48,185.3743240000001,3090.725927999989
1,0,48,2.0,540609.0222784003
1,0,48,446.29743999999994,32103.916995199485
1,0,48,651.0443360000003,789148.2300160001
1,0,48,0,0
1,0,48,0,0
1,0,48,119.21435839999958,653335.1265520002
1,0,48,0,66.0
1,0,48,0,0
1,0,48,0,0
1,0,48,2.0,333572.06956000044
1,0,48,0,0
1,0,48,0,0
1,0,48,0,0
1,0,48,131.61579999999975,10173.377696000001
1,0,48,17.0,325181.3923119989
1,0,48,615.6186039999999,68.547056
1,0,48,528.4042880000002,3556.868400000013
1,0,48,480.91966,212332.44976000005
1,0,48,590.519644,755469.3680639999
1,0,48,0,0
1,0,48,0,0
1,0,48,0,0
1,0,48,0,0
1,0,48,0,0
1,0,48,538.5171439999996,836444.203904
1,0,48,561.7462783999999,901009.8954879998
1,0,48,0,0
1,0,48,0,0
1,0,48,0,0
1,0,48,0,0
1,0,48,2.0,57.10584
1,0,48,0,0
1,0,48,523.434272,0
1,0,48,0,0
1,0,48,578.926064,17689.304872000004
1,0,48,592.9936,703906.8468160001
1,0,48,16.0,697754.0931519999
1,0,48,0,370.8172159999995
1,0,48,0,0
1,0,48,0,0
1,0,48,0,0
1,0,48,0,0
1,0,48,0,0
1,0,48,0,0
1,0,48,1.9006167999999946,757139.3785600001
1,0,48,204.51328000000012,540656.6282079996
1,0,48,554.5578832,711444.7424000001
1,0,48,0,0
1,0,48,0,0
1,0,48,412.088896,41201.68580799997
1,0,48,16.94126399999999,0
1,0,48,149.34109600000002,160.37316800000008
1,0,48,0,0
1,0,48,148.34137600000005,773515.6396799999
1,0,48,638.9096319999992,352000.09822720004
1,0,48,0,0
1,0,48,0,0
1,0,48,514.0,562812.013264
1,0,48,0,0
1,0,48,0,0
1,0,48,12.532123199999972,158.0
1,0,48,0,158.0
1,0,48,2.0,378.00022400000023
1,0,48,0,0
1,0,48,1.0,0
1,0,48,521.7461311999998,17675.19316
1,0,48,16.0,2615.6526239999766
1,0,48,0,0
1,0,48,0,0
1,0,48,0,0
1,0,48,0,0
1,0,48,0,0
1,0,48,0,0
1,0,48,0,0
1,0,48,0,0
1,0,48,0,0
1,0,48,0,0
1,0,48,0,0
1,0,48,0,0
1,0,48,0,0
1,0,48,0,0
1,0,48,0,0
1,0,48,1.0,17638.392768
1,0,48,33.00393599999995,17524.9593664
1,0,48,0,0
1,0,48,2.0,0
1,0,48,0,0
1,0,48,0,0
1,0,48,0,0
1,0,48,0,0
1,0,48,1.0,17485.203616
1,0,48,0,0
1,0,48,0,0
1,0,48,0,0
1,0,48,0,0
1,0,48,0,0
1,0,48,0,0
1,0,48,0,0
1,0,48,0,17606.3381496
1,0,48,0,0
1,0,48,0,0
1,0,48,0,0
1,0,48,0,0
1,0,48,0,0
1,0,48,0,0
1,0,48,2.0,0
1,0,48,555.4463008,1059278.9238015998
1,0,48,600.0,13367.168919999956
1,0,48,0,0
1,0,48,0,0
1,0,48,515.2598320000001,485997.4549479999
1,0,48,653.9859776000001,555057.45924
1,0,48,615.0,907836.1498239989
1,0,48,619.777024,806204.7869440003
1,0,48,0,815870.4332399995
1,0,48,857.7173824,911781.38476
1,0,48,623.2906864,674390.2388719998
1,0,48,838.9200368,37547.34600639994
1,0,48,856.885408,1088127.069056
1,0,48,590.1981280000001,797320.685152
1,0,48,919.1664799999996,797335.9052800001
1,0,48,586.3024,793604.5715968001
1,0,48,615.0,797307.1134400001
1,0,48,722.18836,184934.32855360006
1,0,48,860.4624352,928195.71776
1,0,48,723.4797592,729416.3882879998
1,0,48,820.0826936000001,1030372.8951199999
1,0,48,659.4241280000001,754922.689344
1,0,48,688.0,1035464.253056
1,0,48,836.15492,1063067.6852159996
1,0,48,514.0,822810.2744400012
1,0,48,804.1446616000001,17586.3793568
1,0,48,623.4718720000001,764526.5935360002
1,0,48,718.6113504000001,0
1,0,48,723.5161528,1075059.214584
1,0,48,839.936432,1027856.0332616
1,0,48,693.4936127999997,303200.3326720002
1,0,48,626.4265216000001,1022296.10052
1,0,48,608.8011999999998,757571.9434239999
1,0,48,801.2719880000001,12233.401508799994
1,0,48,523.063328,1040184.2465023999
1,0,48,669.4133120000001,521016.5570999994
1,0,48,827.0756000000002,1022390.269176
1,0,48,655.841888,1035945.07328
1,0,48,523.5223136000002,876634.3182839999
1,0,48,799.9942000000001,1022350.8144
1,0,48,600.0,873185.9155599999
1,0,48,582.2219599999996,69.0
1,0,48,724.0,661292.7673599999
1,0,48,724.0,168.177768
1,0,48,829.69256,804868.214272
1,0,48,810.8666776000001,48152.698048000166
1,0,48,284.48305360000006,613941.6561919999
1,0,48,688.0,1081462.083336
1,0,48,854.8330976000002,806134.5065151998
1,0,48,796.26376,232.0
1,0,48,517.4216056,766220.6891872
1,0,48,410.8382847999999,1018522.0031999999
1,0,48,511.87973120000015,1058709.0148864
1,0,48,151.0,703643.874352
1,0,48,600.0,1057899.746176
1,0,48,824.7109759999997,931539.84968
1,0,48,879.8926159999999,1127796.4344799998
1,0,48,616.8114879999999,797338.21792
1,0,48,0,135.74078399999993
1,0,48,838.8869096000001,556424.7039360001
1,0,48,514.0,185804.3755767999
1,0,48,0,0
1,0,48,0,0
1,0,48,0,0
1,0,48,0,0
1,0,48,0,0
1,0,48,2.682912799999997,17667.844372
1,0,48,0,0
1,0,48,0,0
1,0,48,808.4421520000001,866120.9573199999
1,0,48,0,68.2506224
1,0,48,0,0
1,0,48,403.88533599999994,0
1,0,48,0,0
1,0,48,0,0
1,0,48,128.84229999999906,163.92968000000002
1,0,48,0,0
1,0,48,0,0
1,0,48,0,0
1,0,48,663.7999999999997,1037026.8765440001
1,0,48,9.0,0
1,0,48,0,0
1,0,48,0,0
1,0,48,0,0
1,0,48,0,0
1,0,48,0,0
1,0,48,0,0
1,0,48,0,0
1,0,48,724.0,168.66160800000017
1,0,48,801.251,657778.5740799999
1,0,48,0,0
1,0,48,0,0
1,0,48,278.4172096,554162.631216
1,0,48,1.0,0
1,0,48,0,0
1,0,48,0,0
1,0,48,619.878496,158.186888
1,0,48,0,1038767.470208
1,0,48,0,0
1,0,48,0,0
1,0,48,540.4505600000003,594573.0888319997
1,0,48,0,0
1,0,48,0,0
1,0,48,0,0
1,0,48,150.7456,405444.1226240002
1,0,48,4.0,0
1,0,48,0,0
1,0,48,0,0
1,0,48,677.9273439999997,17595.773216
1,0,48,148.81636,1004348.465360001
1,0,48,0,0
1,0,48,0,0
1,0,48,278.5407040000001,672216.1056848001
1,0,48,1.0,0
1,0,48,0,0
1,0,48,0,0
1,0,48,16.0,229113.32286400005
1,0,48,835.16452,24520.95910400019
1,0,48,0,0
1,0,48,0,0
1,0,48,431.1578992,0
1,0,48,0,0
1,0,48,0,0
1,0,48,0,0
1,0,48,654.4397120000001,186744.14576800002
1,0,48,0,0
1,0,48,0,0
1,0,48,0,0
1,0,48,587.541952,787267.723648
1,0,48,818.8343864,903503.7266559999
1,0,48,507.41732,711842.53856
1,0,48,0,0
1,0,48,0,0
1,0,48,0,0
1,0,48,16.0,8141.133844800019
1,0,48,555.0874024000002,603955.7267119999
1,0,48,350.7656879999969,791281.2991360002
1,0,48,839.0564959999999,792124.3766271999
1,0,48,0,0
1,0,48,0,0
1,0,48,606.5125599999997,698248.6708719997
1,0,48,0,0
1,0,48,0,0
1,0,48,0,0
1,0,48,441.118712,429396.23446399963
1,0,48,0,0
1,0,48,0,0
1,0,48,0,0
1,0,48,435.7897456,10180.149104
1,0,48,14.467151999999999,655885.2426400007
1,0,48,688.0,623223.3935999998
1,0,48,808.9644639999999,17497.018816
1,0,48,589.23154,663307.9126480006
1,0,48,687.1086399999999,796728.8680799999
1,0,48,0,0
1,0,48,0,0
1,0,48,0,0
1,0,48,0,0
1,0,48,0,0
1,0,48,16.930644,846159.455096
1,0,48,656.8340479999999,1037413.447808
1,0,48,0,0
1,0,48,0,0
1,0,48,0,0
1,0,48,0,0
1,0,48,2.0,66.0
1,0,48,0,0
1,0,48,435.059056,226521.86823999998
1,0,48,0,0
1,0,48,754.6884032,783910.3751160002
1,0,48,678.6023799999996,899193.0163840002
1,0,48,223.11212800000084,795802.94088
1,0,48,0,12727.530063999993
1,0,48,0,0
1,0,48,0,0
1,0,48,0,0
1,0,48,0,0
1,0,48,0,0
1,0,48,0,0
1,0,48,15.6759184,600883.4889871997
1,0,48,442.4798720000001,772482.012168
1,0,48,645.24628,1059405.21208
1,0,48,0,0
1,0,48,0,0
1,0,48,722.0633104000001,486980.235136
1,0,48,2.0,0
1,0,48,545.1323600000002,50039.504344000154
1,0,48,0,0
1,0,48,629.4143200000001,866148.0934000002
1,0,48,800.979568,771725.3278440001
1,0,48,0,0
1,0,48,0,0
1,0,48,514.0,703833.592468
1,0,48,0,0
1,0,48,0,0
1,0,48,0,158.0
1,0,48,4.0,38972.563935999904
1,0,48,495.0018399999997,370100.64223999984
1,0,48,0,0
1,0,48,2.0,163.517264
1,0,48,561.4536559999997,261886.29644800065
1,0,48,4.0,3243.2200560000124
1,0,48,0,0
1,0,48,0,0
1,0,48,0,0
1,0,48,0,0
1,0,48,0,0
1,0,48,0,0
1,0,48,0,0
1,0,48,0,0
1,0,48,0,0
1,0,48,0,0
1,0,48,0,0
1,0,48,3.0,0
1,0,48,0,0
1,0,48,0,0
1,0,48,0,0
1,0,48,130.9680400000008,350.0
1,0,48,215.35000000000025,17579.304896
1,0,48,0,0
1,0,48,0,0
1,0,48,0,0
1,0,48,0,0
1,0,48,0,0
1,0,48,0,0
1,0,48,2.0,284.12539999999984
1,0,48,0,0
1,0,48,0,0
1,0,48,0,0
1,0,48,0,0
1,0,48,0,0
1,0,48,0,0
1,0,48,0,0
1,0,48,0,183680.86673200002
1,0,48,0,0
1,0,48,0,0
1,0,48,0,0
1,0,48,0,0
1,0,48,0,0
1,0,48,0,0
1,0,48,0,66.0
1,0,48,701.9463840000001,787582.7360896
1,0,48,555.586312,0
1,0,48,0,0
1,0,48,0,0
1,0,48,540.332192,781249.1897232002
1,0,48,151.0,614904.5887800002
1,0,48,288.46844800000014,797423.58496
1,0,48,427.4792079999999,17668.57996
1,0,48,130.9185999999993,926499.83552
1,0,48,801.743552,703769.2907680001
1,0,48,655.784672,595584.7750664
1,0,48,517.7275167999999,755268.3111168
1,0,48,846.5486816,1052381.9863840002
1,0,48,2.0,17544.836919999998
1,0,48,801.6532159999999,931281.6484639999
1,0,48,615.0,771926.6543759999
1,0,48,401.6044624000001,561726.86758
1,0,48,784.1584383999998,352016.5734016
1,0,48,774.344,773631.437376
1,0,48,688.0,1027375.2907472001
1,0,48,591.61942,1058037.975808
1,0,48,651.1913024000002,665280.02512
1,0,48,17.975132000000002,1057560.9617536
1,0,48,804.3231064,1084461.2673840001
1,0,48,688.9092608,796260.20208
1,0,48,840.1658239999999,1008774.1785600004
1,0,48,290.68739199999993,782809.0436760001
1,0,48,795.3852159999997,271147.3376399998
1,0,48,665.49728,850564.5398799997
1,0,48,811.345864,911471.5113279999
1,0,48,720.5339424,909739.0198575997
1,0,48,17.0,1062202.323016
1,0,48,856.91728,1060064.603128
1,0,48,615.0,57224.42099200188
1,0,48,0,927207.983648
1,0,48,604.3521760000001,68.42361440000002
1,0,48,792.333568,1017149.3629439999
1,0,48,288.8398840000001,1023661.4211919999
1,0,48,13.221300000000042,778151.82576
1,0,48,722.7269824,544030.2248799995
1,0,48,586.8282039999999,768830.9686431997
1,0,48,563.2255519999999,146.96239200000008
1,0,48,610.1707120000001,22141.97551999994
1,0,48,287.28203680000007,10177.280672
1,0,48,794.5947520000004,862860.0119920003
1,0,48,801.98696,2151.1788959999835
1,0,48,408.2967039999999,232.0
1,0,48,528.5037632,1087517.7229568
1,0,48,689.6971856,889579.5266176003
1,0,48,622.050664,186384.88357600005
1,0,48,17.550569600000017,703795.0775680001
1,0,48,439.49248,870796.34428
1,0,48,514.0,922382.2918799999
1,0,48,158.246896,796256.28168
1,0,48,724.0116032000003,940519.1374928005
1,0,48,804.9876159999999,931321.6680799999
1,0,48,864.4663840000004,1031773.969256
1,0,48,434.036128,796237.128744
1,0,48,0,0
1,0,48,846.72488,17674.11496
1,0,48,601.98568,665173.45696
1,0,48,0,0
1,0,48,0,0
1,0,48,0,0
1,0,48,0,0
1,0,48,0,0
1,0,48,151.0,73586.30463999984
1,0,48,0,0
1,0,48,0,0
1,0,48,836.848064,384866.70118399925
1,0,48,441.71325920000004,69.0
1,0,48,0,0
1,0,48,10.384939199999934,0
1,0,48,0,0
1,0,48,0,0
1,0,48,0,0
1,0,48,0,0
1,0,48,0,0
1,0,48,0,0
1,0,48,29.126783999999788,1022303.4430079999
1,0,48,1.0,0
1,0,48,0,0
1,0,48,1.0,0
1,0,48,0,0
1,0,48,0,0
1,0,48,0,0
1,0,48,0,0
1,0,48,0,0
1,0,48,174.63081759999992,634861.0137599997
1,0,48,724.0,703750.1371264
1,0,48,0,0
1,0,48,0,0
1,0,48,404.07098799999983,215512.67060799984
1,0,48,161.57127999999986,0
1,0,48,0,0
1,0,48,0,0
1,0,48,335.14597200000026,338225.8899999995
1,0,48,0,876239.7078399999
1,0,48,0,0
1,0,48,0,0
1,0,48,625.294432,557494.521264
1,0,48,0,0
1,0,48,0,0
1,0,48,0,0
1,0,48,15.0,571991.9215040002
1,0,48,2.0,1468.6215679999937
1,0,48,0,0
1,0,48,0,0
1,0,48,514.0,17712.467847999997
1,0,48,16.0,925884.8350399998
1,0,48,0,0
1,0,48,0,3225.6422400000165
1,0,48,288.28062399999993,558096.8564520001
1,0,48,17.72303119999998,232.0
1,0,48,0,0
1,0,48,0,0
1,0,48,0,158.0
1,0,48,885.7746719999996,703890.8801583999
1,0,48,0,0
1,0,48,2.0,9122.515007999984
1,0,48,435.10601440000005,740489.0002992002
1,0,48,0,0
1,0,48,0,0
1,0,48,0,0
1,0,48,438.54774399999997,762325.3304320002
1,0,48,0,0
1,0,48,0,0
1,0,48,0,0
1,0,48,422.44962879999986,211262.90560000006
1,0,48,650.8052960000001,703518.841432
1,0,48,1.0,468660.11314880033
1,0,48,0,0
1,0,48,0,0
1,0,48,0,0
1,0,48,142.95964000000043,66.0
1,0,48,0,41104.02774400005
1,0,48,268.5833680000007,488619.4300799996
1,0,48,628.00144,758739.541
1,0,48,0,0
1,0,48,0,0
1,0,48,0,797435.10856
1,0,48,0,0
1,0,48,0,0
1,0,48,0,0
1,0,48,214.16622400000017,709665.0629119999
1,0,48,0,0
1,0,48,0,0
1,0,48,0,0
1,0,48,15.0,335.65259200000025
1,0,48,2.7126656000000082,360675.3842
1,0,48,599.215648,158.0
1,0,48,607.5605199999998,665440.78048
1,0,48,629.2119712,47787.3540160001
1,0,48,764.0960000000005,928235.84048
1,0,48,0,0
1,0,48,0,0
1,0,48,0,0
1,0,48,0,0
1,0,48,0,0
1,0,48,615.0,909868.2922095999
1,0,48,435.14112159999996,772251.7045344
1,0,48,0,0
1,0,48,0,0
1,0,48,0,0
1,0,48,0,0
1,0,48,1.0,158.0
1,0,48,0,0
1,0,48,15.0,68.90080400000001
1,0,48,0,0
1,0,48,582.3349759999999,606377.9412511999
1,0,48,648.9482144,933688.8401600001
1,0,48,485.3902239999997,33680.44092800077
1,0,48,0,0
1,0,48,0,0
1,0,48,0,0
1,0,48,0,0
1,0,48,0,0
1,0,48,0,0
1,0,48,0,0
1,0,48,35.061984000000024,870995.7678639999
1,0,48,629.5275039999999,17790.681447999996
1,0,48,801.100424,876721.1144879999
1,0,48,0,0
1,0,48,0,0
1,0,48,589.3033600000001,465571.201952002
1,0,48,156.4809496000001,392451.48416
1,0,48,1.0,0
1,0,48,0,0
1,0,48,1.0,796342.88688
1,0,48,695.7661919999996,1026029.4558559998
1,0,48,0,0
1,0,48,0,0
1,0,48,629.0900608,189663.94428
1,0,48,0,0
1,0,48,0,0
1,0,48,15.0,0
1,0,48,171.54130479999972,375164.3440639992
1,0,48,1.0,211636.86755199998
1,0,48,0,0
1,0,48,146.44540000000066,0
1,0,48,514.0,561417.05452
1,0,48,4.0,158.0
1,0,48,0,0
1,0,48,0,0
1,0,48,0,0
1,0,48,0,0
1,0,48,0,0
1,0,48,0,0
1,0,48,0,0
1,0,48,0,0
1,0,48,0,0
1,0,48,0,0
1,0,48,0,0
1,0,48,11.742095999999975,0
1,0,48,0,0
1,0,48,0,0
1,0,48,0,0
1,0,48,16.0,0
1,0,48,16.0,350.0
1,0,48,0,0
1,0,48,480.3073000000003,0
1,0,48,0,0
1,0,48,0,0
1,0,48,0,0
1,0,48,0,0
1,0,48,1.0,2594.1580991999836
1,0,48,0,0
1,0,48,0,0
1,0,48,0,0
1,0,48,0,0
1,0,48,0,0
1,0,48,0,0
1,0,48,0,0
1,0,48,0,213199.40415999998
1,0,48,0,0
1,0,48,0,0
1,0,48,1.0,0
1,0,48,0,0
1,0,48,0,0
1,0,48,0,0
1,0,48,277.1695360000001,0
1,0,48,26.601852000000036,701541.7379896
1,0,48,593.494672,17523.192831999997
1,0,48,0,0
1,0,48,0,0
1,0,48,101.50764800000115,372.3524000000007
1,0,48,546.9847759999998,378103.77056000044
1,0,48,4.55673680000001,953143.7985439993
1,0,48,437.2437759999999,372016.10388800094
1,0,48,13.182672000000025,1006600.6771199999
1,0,48,815.40942,772035.4328304001
1,0,48,678.0964000000001,772248.24888
1,0,48,704.9401439999999,370.55211200000036
1,0,48,860.0161648000002,1097509.0577959996
1,0,48,95.88785599999812,171.96624000000156
1,0,48,876.24416,933993.50816
1,0,48,648.1467248,1018510.0654079999
1,0,48,576.1179200000001,9848.305139999999
1,0,48,828.3991040000001,190651.14918399998
1,0,48,711.6083040000003,213273.96043599996
1,0,48,600.0,911522.0277832001
1,0,48,623.5270072000001,1030992.0674239999
1,0,48,532.5395072000002,721976.1440639998
1,0,48,609.967504,876259.1323599999
1,0,48,796.1344,1095591.6103519998
1,0,48,643.9726263999995,755893.59552
1,0,48,644.3654079999999,682007.2844432
1,0,48,553.2332456,711054.3228799999
1,0,48,600.1238560000002,395280.34112
1,0,48,616.4943040000002,755284.081536
1,0,48,809.1463408,1045567.7918679998
1,0,48,623.116192,558094.11444
1,0,48,514.0,831319.6086240008
1,0,48,784.7898880000002,795918.39666
1,0,48,644.2723839999999,17543.43166
1,0,48,303.9802031999997,876256.5016000001
1,0,48,551.6533279999999,4290.049559999998
1,0,48,713.2206336000002,965661.4417760014
1,0,48,511.2283064,1025773.52144
1,0,48,520.0934272000002,775400.3470080001
1,0,48,801.270704,775334.6047199998
1,0,48,645.5681919999998,357807.60505600006
1,0,48,618.1168479999999,285434.90670719993
1,0,48,442.69568480000015,241371.39913600005
1,0,48,148.0,17588.3762
1,0,48,713.2227840000003,705789.2677760001
1,0,48,817.6781599999999,486967.12916799996
1,0,48,289.04761360000015,256774.62697600015
1,0,48,715.7101920000002,928904.7663199998
1,0,48,797.32204,286545.97003200004
1,0,48,688.0,0
1,0,48,17.0,17593.460048
1,0,48,148.35325600000007,920905.9606080002
1,0,48,443.33082559999997,928841.9260879998
1,0,48,439.651936,191934.41055999973
1,0,48,801.42692,1094260.089512
1,0,48,812.200644,767097.944032
1,0,48,876.8219119999999,1095187.20836
1,0,48,388.79641200000026,773114.5546800001
1,0,48,0,0
1,0,48,802.562368,185242.90576000005
1,0,48,1.0,190540.63613759997
1,0,48,0,0
1,0,48,0,0
1,0,48,0,0
1,0,48,0,0
1,0,48,0,0
1,0,48,83.22435200000007,361822.0058
1,0,48,0,0
1,0,48,0,0
1,0,48,590.167,846527.631836
1,0,48,2.0,190624.66539520002
1,0,48,0,0
1,0,48,438.30976,0
1,0,48,0,0
1,0,48,0,0
1,0,48,0,16442.01899199997
1,0,48,0,0
1,0,48,0,0
1,0,48,0,0
1,0,48,569.0057600000001,999635.092496
1,0,48,0,188.30843279999962
1,0,48,0,0
1,0,48,0,0
1,0,48,0,0
1,0,48,0,0
1,0,48,0,0
1,0,48,0,0
1,0,48,0,0
1,0,48,466.3620400000001,694286.5791279997
1,0,48,722.903992,17690.296312000006
1,0,48,0,0
1,0,48,0,0
1,0,48,600.0,17704.286632
1,0,48,1.0,0
1,0,48,0,0
1,0,48,0,0
1,0,48,434.24790399999995,278524.4593920001
1,0,48,0,796471.61856
1,0,48,0,0
1,0,48,0,0
1,0,48,198.43071999999984,298546.51223199937
1,0,48,0,0
1,0,48,0,0
1,0,48,0,0
1,0,48,216.4732143999998,555030.9678720001
1,0,48,2.0,17477.66176
1,0,48,0,0
1,0,48,0,0
1,0,48,554.6852608,189141.65111039995
1,0,48,16.0,876241.7884
1,0,48,0,0
1,0,48,0,0
1,0,48,189.75500799999983,10480.356676000045
1,0,48,0,298.9522400000004
1,0,48,0,0
1,0,48,0,0
1,0,48,15.0,17460.188224
1,0,48,839.034752,557938.065456
1,0,48,0,0
1,0,48,1.6575039999999888,195202.7748159999
1,0,48,15.0,0
1,0,48,0,0
1,0,48,0,0
1,0,48,0,0
1,0,48,407.149096,267800.51747760084
1,0,48,0,0
1,0,48,0,0
1,0,48,0,0
1,0,48,662.2968319999995,687084.4335279998
1,0,48,624.2563168,792799.3984959999
1,0,48,2.0,876259.0906
1,0,48,0,0
1,0,48,0,0
1,0,48,0,0
1,0,48,2.0,45286.60206399979
1,0,48,15.0,419558.0845951994
1,0,48,647.5282304,639650.7063999998
1,0,48,717.6072479999998,791467.30528
1,0,48,0,0
1,0,48,0,0
1,0,48,434.009344,711657.4716799998
1,0,48,0,0
1,0,48,0,0
1,0,48,0,0
1,0,48,187.769464,486960.384856
1,0,48,0,0
1,0,48,0,0
1,0,48,0,0
1,0,48,17.307982400000014,66.0
1,0,48,3.0,364224.25879999995
1,0,48,677.2320399999996,0
1,0,48,600.0,588089.3995087999
1,0,48,522.6944,486036.48586
1,0,48,253.5952479999992,846127.686848
1,0,48,0,0
1,0,48,0,0
1,0,48,0,0
1,0,48,0,0
1,0,48,0,0
1,0,48,622.104568,579025.1058272005
1,0,48,724.0,706941.0867200001
1,0,48,0,0
1,0,48,0,0
1,0,48,0,0
1,0,48,0,0
1,0,48,0,0
1,0,48,0,0
1,0,48,14.546279999999996,0
1,0,48,0,0
1,0,48,505.473872,658978.5036160005
1,0,48,688.0,847585.8392816
1,0,48,1.0,166.8658560000001
1,0,48,0,161938.31248000002
1,0,48,0,0
1,0,48,0,0
1,0,48,0,0
1,0,48,0,0
1,0,48,0,0
1,0,48,0,0
1,0,48,98.65328000000079,802748.2954240001
1,0,48,444.37951999999996,794970.5890432
1,0,48,598.39372,761807.734096
1,0,48,0,0
1,0,48,0,0
1,0,48,203.71801600000026,17477.905408
1,0,48,293.7473632000002,709971.2585600003
1,0,48,483.2863600000012,9559.832531999991
1,0,48,0,0
1,0,48,514.0,766215.5542720001
1,0,48,741.5006719999999,831771.9043319995
1,0,48,0,0
1,0,48,0,0
1,0,48,686.5049200000004,599970.4696880005
1,0,48,0,0
1,0,48,0,0
1,0,48,33.582527999999996,0
1,0,48,1.0,712914.53792
1,0,48,15.0,184301.747368
1,0,48,0,0
1,0,48,0,703640.9254000001
1,0,48,180.08680000000012,205710.34993599984
1,0,48,15.0,50409.29449600013
1,0,48,0,0
1,0,48,0,0
1,0,48,0,0
1,0,48,0,0
1,0,48,0,0
1,0,48,0,0
1,0,48,0,0
1,0,48,0,0
1,0,48,0,0
1,0,48,0,0
1,0,48,0,0
1,0,48,4.0,2578.8448656000082
1,0,48,0,0
1,0,48,0,0
1,0,48,0,0
1,0,48,165.65711439999959,0
1,0,48,16.0,66.0
1,0,48,0,0
1,0,48,6.818095999999969,0
1,0,48,0,0
1,0,48,0,0
1,0,48,0,0
1,0,48,0,0
1,0,48,0,0
1,0,48,0,0
1,0,48,0,0
1,0,48,0,0
1,0,48,0,0
1,0,48,0,0
1,0,48,0,0
1,0,48,0,0
1,0,48,0,0
1,0,48,0,0
1,0,48,0,0
1,0,48,1.0,0
1,0,48,0,0
1,0,48,0,0
1,0,48,0,0
1,0,48,0,297.35806400000007
1,0,48,296.0399279999998,864933.7396480001
1,0,48,534.0504800000004,0
1,0,48,0,0
1,0,48,0,0
1,0,48,17.314712000000014,21946.135769600274
1,0,48,593.5147,362465.6804072
1,0,48,182.43534399999982,771882.8614224
1,0,48,16.0,556390.6774152
1,0,48,2.0,771749.0561376
1,0,48,683.3936919999999,796561.192572
1,0,48,383.59324800000013,621352.7591999997
1,0,48,613.3648,200887.14448000008
1,0,48,812.8100400000001,1035287.1502208002
1,0,48,426.1924984000005,358571.4143119998
1,0,48,853.4568416000002,757101.5908479999
1,0,48,720.3346944000001,886321.0513023995
1,0,48,606.28072,190604.176384
1,0,48,780.3351040000002,113208.27742719903
1,0,48,656.57072,791566.411264
1,0,48,653.3311424,352005.2496640001
1,0,48,426.3086559999997,1024969.3111759999
1,0,48,611.03572,433281.5932160003
1,0,48,443.58521599999995,1024960.135424
1,0,48,803.0383888,1084621.92276
1,0,48,54.083135999999826,781606.49028
1,0,48,615.0,863753.9986240001
1,0,48,431.0421495999997,927708.5235199999
1,0,48,688.0,350.0
1,0,48,623.1103287999999,789257.2983808
1,0,48,398.751936,1005915.6948480002
1,0,48,622.6009528,704577.6329600001
1,0,48,326.1173952000001,913424.8545879996
1,0,48,684.2060679999995,703398.873304
1,0,48,622.904056,17596.8526592
1,0,48,716.269968,876297.8361959999
1,0,48,591.0487599999999,17624.767200000002
1,0,48,600.0,770670.324928
1,0,48,722.0220879999999,786971.3329408001
1,0,48,33.62673599999991,922957.5780000002
1,0,48,802.5622024,703421.909512
1,0,48,601.5725440000003,777186.8687279999
1,0,48,270.77543199999934,17469.870208
1,0,48,665.8037119999995,354855.8474752001
1,0,48,586.67932,15087.631383999988
1,0,48,623.391124,757997.126392
1,0,48,837.1169120000001,146.49429600000002
1,0,48,516.763516,105.95419199999981
1,0,48,653.2577888,828625.4065200007
1,0,48,681.97684,52102.12292800004
1,0,48,650.061392,232.0
1,0,48,16.472712,895065.4648959998
1,0,48,435.41008,797137.965384
1,0,48,204.52595199999996,927742.466912
1,0,48,623.205424,787937.0513152002
1,0,48,697.1606879999996,1060971.851512
1,0,48,838.979768,527114.0504616005
1,0,48,861.5188287999997,920979.7286400001
1,0,48,483.3586000000009,363168.9470384001
1,0,48,0,0
1,0,48,806.6104983999998,208.27285440000026
1,0,48,15.0,17742.398320000004
1,0,48,0,0
1,0,48,0,0
1,0,48,0,17583.205232
1,0,48,0,0
1,0,48,0,0
1,0,48,16.0,68.937752
1,0,48,0,0
1,0,48,0,0
1,0,48,623.974072,487400.10443199996
1,0,48,16.75364639999998,626010.56082
1,0,48,0,0
1,0,48,159.78383199999993,0
1,0,48,0,0
1,0,48,0,0
1,0,48,0,4486.321881599998
1,0,48,0,0
1,0,48,0,0
1,0,48,0,0
1,0,48,183.69832000000002,860987.6895400003
1,0,48,415.62745599999994,0
1,0,48,0,0
1,0,48,0,0
1,0,48,0,0
1,0,48,0,0
1,0,48,0,0
1,0,48,0,0
1,0,48,0,0
1,0,48,312.34293120000024,0
1,0,48,786.5953407999996,0
1,0,48,0,0
1,0,48,0,0
1,0,48,615.0,41103.80089600009
1,0,48,1.0,158.0
1,0,48,0,0
1,0,48,0,0
1,0,48,456.7384000000002,586426.4957600005
1,0,48,15.0,876533.8992720001
1,0,48,0,0
1,0,48,0,0
1,0,48,526.4070079999999,227815.02442719968
1,0,48,0,0
1,0,48,0,0
1,0,48,0,0
1,0,48,15.0,556571.5897919999
1,0,48,500.71635999999893,159.52677920000002
1,0,48,0,0
1,0,48,0,0
1,0,48,401.5749999999998,17755.613848
1,0,48,16.0,815603.9350680003
1,0,48,0,0
1,0,48,0,232.0
1,0,48,398.6133264,17459.0259712
1,0,48,0,284.50771040000006
1,0,48,0,0
1,0,48,0,0
1,0,48,2.0054719999999975,350.0
1,0,48,787.847104,1707.9169664000242
1,0,48,0,0
1,0,48,16.0,10714.46924799994
1,0,48,157.34807200000034,0
1,0,48,0,0
1,0,48,0,0
1,0,48,0,0
1,0,48,622.079896,209808.36447999987
1,0,48,0,0
1,0,48,0,0
1,0,48,0,0
1,0,48,615.2725408000001,708098.112704
1,0,48,624.5847616,755713.793664
1,0,48,0,10177.334432
1,0,48,0,0
1,0,48,0,0
1,0,48,0,0
1,0,48,414.4028800000001,0
1,0,48,44.849136000000016,158.0
1,0,48,578.377904,19413.51046399982
1,0,48,801.7914632,839472.9828607999
1,0,48,0,0
1,0,48,0,0
1,0,48,15.0,361319.10725600016
1,0,48,0,158.0
1,0,48,0,0
1,0,48,0,0
1,0,48,15.0,227257.32951999974
1,0,48,0,0
1,0,48,0,0
1,0,48,0,0
1,0,48,182.8648719999999,68.23620799999999
1,0,48,16.0,157542.7396720003
1,0,48,668.8784,271057.1463960002
1,0,48,661.8060799999998,228873.13197280004
1,0,48,722.613112,242.02439360000096
1,0,48,657.9261056,770194.835488
1,0,48,0,0
1,0,48,0,0
1,0,48,0,0
1,0,48,0,0
1,0,48,0,0
1,0,48,438.99587199999985,873388.9040799997
1,0,48,802.3069408000001,672843.2800664003
1,0,48,0,0
1,0,48,0,0
1,0,48,0,0
1,0,48,0,0
1,0,48,2.0,1734.011724800006
1,0,48,0,0
1,0,48,2.0,0
1,0,48,0,0
1,0,48,553.087064,533602.0247280002
1,0,48,531.901616,909383.2789359998
1,0,48,0,280665.26892000006
1,0,48,0,133474.3333120031
1,0,48,0,0
1,0,48,0,0
1,0,48,0,0
1,0,48,0,0
1,0,48,0,0
1,0,48,0,0
1,0,48,15.0,500443.4218200005
1,0,48,148.97274400000003,762628.0727776
1,0,48,605.764072,838905.8610175999
1,0,48,0,293.32975999999996
1,0,48,0,0
1,0,48,559.8280431999999,683029.8814159996
1,0,48,420.66291519999976,555772.115424
1,0,48,610.6085200000001,0
1,0,48,0,0
1,0,48,526.1743040000005,863504.2026160002
1,0,48,503.6204048,874387.6182400002
1,0,48,0,0
1,0,48,0,0
1,0,48,559.0130079999999,364654.1611519997
1,0,48,0,0
1,0,48,0,0
1,0,48,0,0
1,0,48,1.0,17493.7401088
1,0,48,0,17169.303592000007
1,0,48,0,0
1,0,48,1.0,783988.6412424
1,0,48,400.38060640000003,707114.893376
1,0,48,0.8704912000000036,17497.029184
1,0,48,0,0
1,0,48,0,0
1,0,48,0,0
1,0,48,0,0
1,0,48,0,0
1,0,48,0,0
1,0,48,0,0
1,0,48,0,0
1,0,48,0,0
1,0,48,0,0
1,0,48,0,0
1,0,48,9.0,0
1,0,48,0,0
1,0,48,0,0
1,0,48,0,0
1,0,48,42.28080720000017,66.0
1,0,48,0,158.0
1,0,48,0,0
1,0,48,2.0,0
1,0,48,0,0
1,0,48,0,0
1,0,48,0,0
1,0,48,0,0
1,0,48,1.0,66.09112160000001
1,0,48,0,0
1,0,48,0,0
1,0,48,0,0
1,0,48,0,0
1,0,48,0,0
1,0,48,0,0
1,0,48,0,0
1,0,48,0,0
1,0,48,0,0
1,0,48,0,0
1,0,48,0,0
1,0,48,0,0
1,0,48,0,0
1,0,48,0,0
1,0,48,11.828351999999967,66.0
1,0,48,582.3284000000001,841554.9042175999
1,0,48,711.9014640000003,359.96811199999996
1,0,48,0,0
1,0,48,0,0
1,0,48,622.238032,66563.90003200147
1,0,48,600.716248,665500.642
1,0,48,229.83064000000033,796889.85396
1,0,48,1.0,716634.2872800003
1,0,48,0,710517.2600959998
1,0,48,801.613568,796263.4275
1,0,48,622.1815984,1056815.6750079999
1,0,48,623.037844,213489.89696799993
1,0,48,858.4733439999999,1032462.4716800001
1,0,48,16.0,10066.382303999988
1,0,48,855.6999615999999,878616.7796400001
1,0,48,804.9917704000001,863574.5892400001
1,0,48,585.2596,190568.5748992
1,0,48,684.9634000000001,334015.2175360002
1,0,48,840.5944159999999,581047.9507807998
1,0,48,801.89798,750826.8171071997
1,0,48,815.2340399999999,1043674.4972127998
1,0,48,535.4475679999999,845185.3370863999
1,0,48,419.7108879999998,1026228.8853991999
1,0,48,871.3187439999997,1055833.2882879998
1,0,48,435.935584,928723.5969679999
1,0,48,808.009384,555352.834176
1,0,48,577.5015199999998,920750.26128
1,0,48,724.0,772352.2651440001
1,0,48,600.0,936959.5248847998
1,0,48,796.66504,1057248.881152
1,0,48,837.963272,762931.8571840001
1,0,48,591.3980799999999,1011524.8104960001
1,0,48,684.8093200000003,932839.4061199999
1,0,48,623.773144,232.0
1,0,48,696.061248,916935.6775199999
1,0,48,521.4430400000001,213668.65900000007
1,0,48,723.991552,1002021.2784800017
1,0,48,622.331044,1022495.72664
1,0,48,2.0,878330.592756
1,0,48,792.656512,796761.4073999999
1,0,48,514.6556536,587941.6073336
1,0,48,151.0,43522.53408640018
1,0,48,623.3798944,38531.00430400001
1,0,48,722.2804000000001,11025.52004799997
1,0,48,689.902808,1022561.2189280001
1,0,48,840.6673135999999,5808.76492799999
1,0,48,514.0,557795.2122
1,0,48,614.36452,927802.71536
1,0,48,840.7482224,797397.6812799999
1,0,48,688.0,68.19130399999999
1,0,48,435.82345599999996,891509.4528639999
1,0,48,579.59768,1022441.607624
1,0,48,148.0,1047434.4407007997
1,0,48,552.5416207999999,560607.99238
1,0,48,722.331592,1102968.6123199998
1,0,48,807.4319680000001,777325.9257888001
1,0,48,884.2079520000004,1101550.5250759998
1,0,48,723.4092496000001,703668.113944
1,0,48,0,0
1,0,48,724.0,7009.550090400024
1,0,48,444.27487519999994,358459.6590799999
1,0,48,0,0
1,0,48,0,0
1,0,48,0,0
1,0,48,0,0
1,0,48,0,0
1,0,48,204.1523199999997,17746.2601624
1,0,48,0,0
1,0,48,0,0
1,0,48,655.1697536,561808.2799
1,0,48,35.503703999999885,629578.1437800002
1,0,48,0,0
1,0,48,595.49824,0
1,0,48,0,0
1,0,48,0,0
1,0,48,15.83171200000001,0
1,0,48,0,0
1,0,48,0,0
1,0,48,0,0
1,0,48,616.6287712000001,1040181.564032
1,0,48,1.0,0
1,0,48,0,0
1,0,48,0,0
1,0,48,0,0
1,0,48,0,0
1,0,48,0,0
1,0,48,0,0
1,0,48,0,0
1,0,48,622.3420576000001,17803.60138
1,0,48,796.303444,33376.7359519998
1,0,48,0,0
1,0,48,0,0
1,0,48,583.4679199999999,755980.5076992
1,0,48,7.048736000000076,184916.04187839996
1,0,48,0,0
1,0,48,0,0
1,0,48,436.211008,555623.5194624
1,0,48,17.0,1076703.1874880004
1,0,48,0,0
1,0,48,0,0
1,0,48,615.0,555017.5771344
1,0,48,0,0
1,0,48,0,0
1,0,48,0,0
1,0,48,211.54998400000073,769468.7176960001
1,0,48,16.0,0
1,0,48,0,0
1,0,48,0,0
1,0,48,651.19388,17697.845944
1,0,48,0,717408.4237439999
1,0,48,0,0
1,0,48,0,0
1,0,48,688.9783232,17672.3938
1,0,48,16.783080000000012,0
1,0,48,0,0
1,0,48,0,0
1,0,48,0,170.20594799999995
1,0,48,876.0178639999999,540974.7560679996
1,0,48,0,0
1,0,48,0,66.0
1,0,48,511.1388559999999,17600.676912
1,0,48,0,0
1,0,48,0,0
1,0,48,0,0
1,0,48,815.6245200000001,10182.915660800001
1,0,48,0,0
1,0,48,0,0
1,0,48,0,0
1,0,48,585.01048,1007658.7771392002
1,0,48,845.7834080000002,9639.4334208
1,0,48,1.0,772042.6001136
1,0,48,0,130.3308432
1,0,48,0,0
1,0,48,0,0
1,0,48,615.0,17586.6925136
1,0,48,1.0,425838.0548720002
1,0,48,476.1446799999992,285.45464000000004
1,0,48,705.187896,755475.647616
1,0,48,0,0
1,0,48,0,0
1,0,48,346.2868943999986,644719.7707120001
1,0,48,0,0
1,0,48,0,0
1,0,48,0,0
1,0,48,453.8941119999996,556408.9236312001
1,0,48,0,0
1,0,48,0,0
1,0,48,0,0
1,0,48,155.53349199999982,17580.6282752
1,0,48,279.097312,689725.979968
1,0,48,737.2307839999987,0
1,0,48,573.299168,158.0
1,0,48,724.0,362185.04880800005
1,0,48,589.70836,724827.8174400004
1,0,48,0,0
1,0,48,0,0
1,0,48,0,0
1,0,48,0,0
1,0,48,0,0
1,0,48,622.9174720000001,933939.0610399998
1,0,48,694.4278560000006,1018973.3752319996
1,0,48,0,0
1,0,48,0,0
1,0,48,0,0
1,0,48,0,0
1,0,48,10.15010399999997,356373.52672
1,0,48,0,0
1,0,48,416.41734399999996,232.0
1,0,48,0,0
1,0,48,628.1262112,555035.777544
1,0,48,442.8357535999999,1013652.4955136001
1,0,48,15.964383999999995,17633.3024256
1,0,48,0,10951.722308799963
1,0,48,0,0
1,0,48,0,0
1,0,48,0,0
1,0,48,0,0
1,0,48,0,0
1,0,48,0,0
1,0,48,37.2015599999996,703683.8333127999
1,0,48,196.34890240000004,772693.9749696
1,0,48,611.71684,625151.4402000003
1,0,48,0,0
1,0,48,0,0
1,0,48,615.0,782409.8681519998
1,0,48,34.92864000000006,159.7916959999999
1,0,48,553.1815784,334.3841559999995
1,0,48,0,0
1,0,48,13.00843199999997,782755.5003839999
1,0,48,801.1689056,38027.00475999993
1,0,48,0,0
1,0,48,0,0
1,0,48,629.8865104,689730.8117872009
1,0,48,0,0
1,0,48,0,0
1,0,48,0,66.0
1,0,48,0,9854.571674399996
1,0,48,15.0,555053.871072
1,0,48,0,0
1,0,48,1.3045215999999868,10101.072048000009
1,0,48,579.5958320000002,775854.981312
1,0,48,15.0,703634.5382079999
1,0,48,0,0
1,0,48,0,0
1,0,48,0,0
1,0,48,0,0
1,0,48,0,0
1,0,48,0,0
1,0,48,0,0
1,0,48,0,0
1,0,48,0,0
1,0,48,0,0
1,0,48,0,0
1,0,48,0,0
1,0,48,0,0
1,0,48,0,0
1,0,48,0,0
1,0,48,16.536576000000025,165.31051200000005
1,0,48,9.0,39309.66006400001
1,0,48,0,0
1,0,48,15.0,0
1,0,48,0,0
1,0,48,0,0
1,0,48,0,0
1,0,48,0,0
1,0,48,3.0,0
1,0,48,0,0
1,0,48,0,0
1,0,48,0,0
1,0,48,0,0
1,0,48,0,0
1,0,48,0,0
1,0,48,0,0
1,0,48,0,190640.104192
1,0,48,0,68.0008976
1,0,48,0,0
1,0,48,0,0
1,0,48,0,0
1,0,48,0,0
1,0,48,0,0
1,0,48,277.7706208000001,0
1,0,48,15.0,1099276.6652720002
1,0,48,640.4339200000006,331.130439999999
1,0,48,0,0
1,0,48,0,0
1,0,48,444.5042959999999,485670.06882399996
1,0,48,266.0290960000002,786145.1959551999
1,0,48,610.3607200000001,719807.6891519998
1,0,48,506.1389623999999,761982.397696
1,0,48,2.2811959999999942,1007533.4714879999
1,0,48,855.671488,757152.6992032
1,0,48,658.9652096,557207.189856
1,0,48,836.61644,41593.79257600007
1,0,48,938.08076,1120333.7457200005
1,0,48,591.03706,876240.97738
1,0,48,937.5515600000002,923005.36296
1,0,48,722.2143447999999,878842.95888
1,0,48,410.7932031999999,605684.0269520001
1,0,48,835.1953120000001,17536.074052
1,0,48,940.9556239999997,841570.8524288
1,0,48,723.028816,665195.6873440001
1,0,48,831.5098399999999,1069156.7225760003
1,0,48,614.03584,761399.6725600001
1,0,48,824.5901600000002,884243.6874879999
1,0,48,839.1255679999999,1092852.8190800003
1,0,48,279.41036800000006,1021393.2480000001
1,0,48,858.990592,52353.265191999904
1,0,48,671.867264,1022385.8128800001
1,0,48,584.4867200000001,158.0
1,0,48,689.05952,1050837.0208240002
1,0,48,842.594096,1129909.5926
1,0,48,816.9919199999999,494448.41148
1,0,48,622.8068559999999,936415.205984
1,0,48,597.3157120000001,786986.7024640001
1,0,48,857.665936,36947.53500799981
1,0,48,176.756704,1098355.9918399998
1,0,48,600.0,328036.55332000117
1,0,48,837.5342959999999,1058349.357952
1,0,48,609.7659999999998,1057761.760192
1,0,48,150.93524799999994,546316.5037672003
1,0,48,650.9643728,1081180.7238239995
1,0,48,723.1468384,780017.252256
1,0,48,600.0,384.0784640000005
1,0,48,722.57644,38448.31820800004
1,0,48,821.021864,0
1,0,48,723.786664,847452.6156319999
1,0,48,880.7392856000001,550794.7144960002
1,0,48,280.53448960000003,754194.53952
1,0,48,560.794816,1128984.0836
1,0,48,869.1587920000001,837440.4815359998
1,0,48,808.0561720000001,68.00825599999999
1,0,48,15.0,704463.9459200001
1,0,48,573.7064,931091.0245760002
1,0,48,437.04347199999995,1061984.802592
1,0,48,148.0,858535.8250480002
1,0,48,610.17244,1102642.9592719998
1,0,48,837.6030128,877894.783512
1,0,48,859.3690767999998,1081574.1516
1,0,48,801.950048,878717.3954399999
1,0,48,0,0
1,0,48,835.1565760000001,0
1,0,48,172.6211440000001,676039.4306240003
1,0,48,0,0
1,0,48,0,0
1,0,48,0,0
1,0,48,0,0
1,0,48,0,0
1,0,48,0,17596.349792
1,0,48,0,0
1,0,48,0,0
1,0,48,702.5099711999995,805581.1156479998
1,0,48,0,374.87038399999994
1,0,48,0,0
1,0,48,600.0,0
1,0,48,0,0
1,0,48,0,0
1,0,48,0,0
1,0,48,0,0
1,0,48,0,0
1,0,48,0,0
1,0,48,828.65696,1034392.5505280001
1,0,48,35.97415200000003,0
1,0,48,0,0
1,0,48,0,0
1,0,48,0,0
1,0,48,0,0
1,0,48,2.0,0
1,0,48,0,0
1,0,48,0,0
1,0,48,802.1134768000001,189871.07231040008
1,0,48,837.090056,566262.6668359991
1,0,48,0,0
1,0,48,0,0
1,0,48,151.0,10182.780656
1,0,48,0,66.0
1,0,48,0,0
1,0,48,0,0
1,0,48,613.2502,489865.868988
1,0,48,0,1094289.9554
1,0,48,0,0
1,0,48,0,0
1,0,48,585.8597199999999,719053.6758719995
1,0,48,0,0
1,0,48,0,0
1,0,48,0,0
1,0,48,15.166696000000002,796809.09372
1,0,48,6.372703999999999,0
1,0,48,0,0
1,0,48,0,0
1,0,48,599.0002840000001,5011.122431999995
1,0,48,1.0,1086190.753296
1,0,48,0,0
1,0,48,0,0
1,0,48,15.0,17600.008752
1,0,48,1.0,0
1,0,48,0,0
1,0,48,0,0
1,0,48,12.985355999999996,755617.5893375999
1,0,48,834.4910368,17570.4976
1,0,48,0,0
1,0,48,1.0,0
1,0,48,181.23889599999984,66.0
1,0,48,0,0
1,0,48,0,0
1,0,48,0,0
1,0,48,600.0,0
1,0,48,0,0
1,0,48,0,0
1,0,48,0,0
1,0,48,621.315064,1022535.958368
1,0,48,834.6553600000001,845544.9272648001
1,0,48,575.356088,756970.896384
1,0,48,0,0
1,0,48,0,0
1,0,48,0,0
1,0,48,15.0,17533.426576
1,0,48,2.0,795505.4429439999
1,0,48,349.0105679999987,777546.4548
1,0,48,801.5040799999999,787145.7217792
1,0,48,0,0
1,0,48,0,0
1,0,48,263.4865840000006,875533.45252
1,0,48,0,0
1,0,48,0,0
1,0,48,0,0
1,0,48,611.7818799999999,795880.0301999999
1,0,48,0,0
1,0,48,0,0
1,0,48,0,0
1,0,48,211.27700800000025,17746.022584
1,0,48,16.0,607456.8493279995
1,0,48,797.755192,6937.791287999995
1,0,48,676.1505999999999,190561.88608
1,0,48,584.97224,554276.612808
1,0,48,801.313952,1057774.429888
1,0,48,0,0
1,0,48,0,0
1,0,48,0,0
1,0,48,0,0
1,0,48,0,0
1,0,48,293.2695040000002,809698.6608600002
1,0,48,622.191016,1033088.2069760002
1,0,48,0,0
1,0,48,0,0
1,0,48,0,0
1,0,48,0,0
1,0,48,0,168436.39886799915
1,0,48,0,0
1,0,48,2.2867040000000145,17602.9977312
1,0,48,0,0
1,0,48,722.611744,211377.98884
1,0,48,708.1122240000004,797411.0079999999
1,0,48,1.0,915075.0645520001
1,0,48,0,233071.06124799966
1,0,48,0,0
1,0,48,0,0
1,0,48,0,0
1,0,48,0,0
1,0,48,0,0
1,0,48,0,0
1,0,48,194.0957440000002,17600.5067232
1,0,48,202.85236480000003,765310.919392
1,0,48,722.8421824000001,1044361.5235360003
1,0,48,0,0
1,0,48,0,0
1,0,48,623.1627136,572603.8391359993
1,0,48,435.925216,66.0
1,0,48,629.0651968,172658.90413599994
1,0,48,0,0
1,0,48,626.50048,797379.26464
1,0,48,820.337768,866763.4439200001
1,0,48,0,0
1,0,48,0,0
1,0,48,596.3681199999999,700643.7945327994
1,0,48,0,0
1,0,48,0,0
1,0,48,0,301.4047904
1,0,48,0,0
1,0,48,589.62016,24595.130969599606
1,0,48,0,0
1,0,48,0,232.0
1,0,48,418.5510664000003,259326.8712160003
1,0,48,15.198798399999987,232.0
1,0,48,0,0
1,0,48,0,0
1,0,48,0,0
1,0,48,0,0
1,0,48,0,0
1,0,48,0,0
1,0,48,0,0
1,0,48,0,0
1,0,48,0,0
1,0,48,0,0
1,0,48,0,0
1,0,48,26.87196000000003,0
1,0,48,0,0
1,0,48,0,0
1,0,48,0,0
1,0,48,16.0,0
1,0,48,169.5104320000001,17605.555075199998
1,0,48,0,0
1,0,48,21.675360000000012,0
1,0,48,0,0
1,0,48,0,0
1,0,48,0,0
1,0,48,0,0
1,0,48,150.3183808,0
1,0,48,0,0
1,0,48,0,0
1,0,48,0,0
1,0,48,0,0
1,0,48,0,0
1,0,48,0,0
1,0,48,0,0
1,0,48,0,298.9002559999999
1,0,48,0,0
1,0,48,0,0
1,0,48,0,0
1,0,48,0,0
1,0,48,0,0
1,0,48,0,0
1,0,48,0,278.1943039999999
1,0,48,151.0,848469.8694416
1,0,48,683.38696,0
1,0,48,0,0
1,0,48,0,0
1,0,48,148.0,14288.61120399999
1,0,48,622.216552,17641.956768
1,0,48,16.0,759521.713216
1,0,48,422.53343200000023,341665.73032720125
1,0,48,16.0,796175.94912
1,0,48,823.2013279999999,1057046.166016
1,0,48,608.2232799999999,615285.62742
1,0,48,644.5510480000004,589705.5302432004
1,0,48,838.598168,1023390.0359936
1,0,48,0,158.0
1,0,48,840.0493280000001,782006.1380208
1,0,48,592.4192199999999,1059148.848256
1,0,48,623.4304480000001,788726.0704
1,0,48,827.022968,349.97480800000085
1,0,48,654.5150335999999,977447.4961183993
1,0,48,804.6382719999999,876254.1889
1,0,48,665.6681600000006,1104878.203136
1,0,48,642.2895040000005,244190.2377039996
1,0,48,645.2306536,1092517.7850799998
1,0,48,798.6579160000001,1032772.0158848001
1,0,48,629.997952,772677.80592
1,0,48,724.0,847384.4103199999
1,0,48,689.4155840000001,797343.38704
1,0,48,600.0,4068.13991999999
1,0,48,591.89368,920668.1308800001
1,0,48,724.0,1022395.53936
1,0,48,724.0,842785.6356608
1,0,48,16.0,871724.5578399998
1,0,48,688.0,876247.093
1,0,48,722.298688,11229.059699199937
1,0,48,292.31019760000015,925752.194048
1,0,48,617.997904,238.93222399999945
1,0,48,724.0,852162.010216
1,0,48,435.131968,1056844.750336
1,0,48,16.0,763494.392392
1,0,48,610.228444,612131.3230399996
1,0,48,586.966672,707693.17856
1,0,48,667.6620415999996,7034.708851199952
1,0,48,802.6188159999999,691501.7191072004
1,0,48,688.7124799999999,239507.33329599941
1,0,48,724.0,876239.8759
1,0,48,831.9843199999999,3208.238159999993
1,0,48,247.28247999999977,17558.712639999998
1,0,48,735.5705408000003,1034051.4659839999
1,0,48,712.7097120000001,357976.91142399993
1,0,48,836.736896,0
1,0,48,16.312872000000027,697657.9125999992
1,0,48,514.0,912941.8287903998
1,0,48,168.6967839999997,797346.551344
1,0,48,622.6365136,700239.2892160001
1,0,48,679.1740240000001,1150402.2247680002
1,0,48,689.344592,922652.8742160001
1,0,48,839.9150912,1024384.7763080001
1,0,48,489.2302000000004,763477.5891616001
1,0,48,0,0
1,0,48,722.83024,17616.964224
1,0,48,555.3020559999999,0
1,0,48,0,0
1,0,48,0,0
1,0,48,0,0
1,0,48,0,0
1,0,48,0,0
1,0,48,151.0,616231.2007800002
1,0,48,0,0
1,0,48,0,0
1,0,48,644.8430128000001,719222.904576
1,0,48,0,680784.8583967994
1,0,48,0,0
1,0,48,38.59327199999919,0
1,0,48,0,0
1,0,48,0,0
1,0,48,2.7939199999999857,0
1,0,48,0,0
1,0,48,0,0
1,0,48,0,0
1,0,48,461.83984000000044,1059639.9896008
1,0,48,0,0
1,0,48,0,0
1,0,48,0,0
1,0,48,0,0
1,0,48,0,0
1,0,48,0,0
1,0,48,0,0
1,0,48,0,0
1,0,48,449.09248000000025,17542.4764
1,0,48,819.6657680000001,189337.54984800005
1,0,48,0,0
1,0,48,0,0
1,0,48,606.7568800000001,758751.5941408
1,0,48,0,158.0
1,0,48,0,0
1,0,48,0,0
1,0,48,566.1209983999997,304.8294280000004
1,0,48,1.0,851695.8901000004
1,0,48,0,0
1,0,48,0,0
1,0,48,575.1832880000002,257388.9608415998
1,0,48,0,0
1,0,48,0,0
1,0,48,0,0
1,0,48,88.87596800000006,181587.13295199993
1,0,48,94.40518400000178,211.14580799999857
1,0,48,0,0
1,0,48,0,282.85745599999973
1,0,48,696.9017903999996,158.0
1,0,48,1.0,876179.1316000002
1,0,48,0,158.0
1,0,48,0,0
1,0,48,26.532119999999423,868399.05784
1,0,48,1.0,69.0
1,0,48,0,0
1,0,48,0,0
1,0,48,2.0,0
1,0,48,838.3422800000001,836050.2248192
1,0,48,0,0
1,0,48,0,0
1,0,48,406.1829279999998,39558.39889600009
1,0,48,0,0
1,0,48,0,0
1,0,48,0,0
1,0,48,622.164928,672846.4901719998
1,0,48,0,0
1,0,48,0,0
1,0,48,0,0
1,0,48,651.3733759999999,703845.4398496
1,0,48,787.1785215999998,560447.0724399999
1,0,48,409.087168,289.5123103999998
1,0,48,0,0
1,0,48,0,0
1,0,48,0,0
1,0,48,71.71222399999988,318.0765472000006
1,0,48,0,350.0
1,0,48,421.61351440000004,8932.362287999968
1,0,48,805.8356320000001,876244.8934
1,0,48,0,69.0
1,0,48,0,0
1,0,48,15.0,805075.7916160001
1,0,48,0,0
1,0,48,0,0
1,0,48,0,0
1,0,48,16.0,609635.9800159998
1,0,48,0,0
1,0,48,0,0
1,0,48,0,0
1,0,48,514.7501200000002,69.0
1,0,48,35.739791999999994,829416.9756959993
1,0,48,584.1587359999999,210317.99740000005
1,0,48,629.350816,156434.76470799974
1,0,48,641.5059807999999,228552.45889599985
1,0,48,420.8075919999999,772370.996604
1,0,48,0,0
1,0,48,0,0
1,0,48,0,0
1,0,48,0,0
1,0,48,0,0
1,0,48,557.3488671999999,815863.1281439998
1,0,48,724.0,838145.5046912001
1,0,48,0,0
1,0,48,0,0
1,0,48,0,0
1,0,48,0,0
1,0,48,40.12041600000029,0
1,0,48,0,0
1,0,48,25.707935999999904,0
1,0,48,0,0
1,0,48,697.8063551999994,786891.773056
1,0,48,722.9582320000001,821278.9609199989
1,0,48,3.2812959999999975,185.35744799999964
1,0,48,0,66.0
1,0,48,0,0
1,0,48,0,0
1,0,48,0,0
1,0,48,0,0
1,0,48,0,0
1,0,48,0,0
1,0,48,33.83064000000002,899782.2763647994
1,0,48,623.5456,782998.9205280002
1,0,48,560.001268,509342.3748959995
1,0,48,0,0
1,0,48,0,0
1,0,48,552.95912,772370.476656
1,0,48,2.0,211784.74545999995
1,0,48,553.8689119999999,66.58582399999997
1,0,48,0,0
1,0,48,151.0,922950.85824
1,0,48,814.5242880000001,806609.8445439998
1,0,48,0,0
1,0,48,0,0
1,0,48,623.7325,693841.6870960002
1,0,48,0,0
1,0,48,0,0
1,0,48,1.0,66.0
1,0,48,3.0,17538.91654
1,0,48,0,623154.6661800001
1,0,48,0,0
1,0,48,16.0,109643.32096000099
1,0,48,557.614828,561934.6540239999
1,0,48,64.03611199999932,0
1,0,48,0,0
1,0,48,0,0
1,0,48,0,0
1,0,48,0,0
1,0,48,0,0
1,0,48,0,0
1,0,48,0,0
1,0,48,0,0
1,0,48,0,0
1,0,48,0,0
1,0,48,0,0
1,0,48,9.0,0
1,0,48,0,0
1,0,48,0,0
1,0,48,0,0
1,0,48,16.0,69.0
1,0,48,17.0,0
1,0,48,0,0
1,0,48,189.5785767999999,0
1,0,48,0,0
1,0,48,0,0
1,0,48,0,0
1,0,48,0,0
1,0,48,9.0,187958.58165599997
1,0,48,0,0
1,0,48,0,0
1,0,48,0,0
1,0,48,0,0
1,0,48,0,0
1,0,48,0,0
1,0,48,0,0
1,0,48,0,157.57310160000026
1,0,48,0,0
1,0,48,0,0
1,0,48,0,0
1,0,48,0,0
1,0,48,0,0
1,0,48,0,0
1,0,48,107.07113599999946,0
1,0,48,7.288352000000032,913703.8098064
1,0,48,822.129992,350.0
1,0,48,0,0
1,0,48,0,0
1,0,48,277.3445439999999,550103.9755191999
1,0,48,629.8659712,561519.5818
1,0,48,801.432944,1029082.8022639999
1,0,48,4.0,402064.09327999986
1,0,48,1.929726400000007,931692.8716400001
1,0,48,843.6235999999999,645658.5281680005
1,0,48,151.0,554919.9636959999
1,0,48,615.0,755676.1481472
1,0,48,901.137024,1195335.3070623998
1,0,48,16.0,7170.7914959999525
1,0,48,902.375232,1088380.3978880001
1,0,48,624.728848,922642.6203599996
1,0,48,629.4155872000001,4194.378935999969
1,0,48,829.9383200000002,0
1,0,48,898.8425040000002,846354.1244239998
1,0,48,806.2646368000001,928126.5579199999
1,0,48,805.372456,1093073.6224400005
1,0,48,600.0,934906.5293599999
1,0,48,825.8184799999997,829900.0079399999
1,0,48,836.6312,1036416.7864064
1,0,48,600.0,1056983.3860479998
1,0,48,857.4674944,785475.2404480001
1,0,48,552.9980287999999,570920.186455999
1,0,48,601.5126399999999,756341.7250176
1,0,48,664.0033663999998,1083621.5564279999
1,0,48,857.5823968000001,1057990.1964352
1,0,48,724.0,751411.3102560003
1,0,48,15.0,1072411.7486160002
1,0,48,800.369236,878491.514556
1,0,48,831.4083199999998,158.0
1,0,48,623.8660239999999,848551.817312
1,0,48,720.2459568,17626.510656
1,0,48,813.3251999999999,1039090.7760895999
1,0,48,33.20733599999997,1110588.1480687996
1,0,48,15.0,1085855.37456
1,0,48,815.5833600000001,876235.0072
1,0,48,782.4674559999999,547265.2042864002
1,0,48,629.250736,190576.07791360002
1,0,48,618.0203656000001,355783.467328
1,0,48,673.462624,10186.575776
1,0,48,804.4572639999999,779464.6062720001
1,0,48,802.753528,17777.64952
1,0,48,656.3162816,125806.38783999806
1,0,48,616.4746480000001,1128073.0230319998
1,0,48,868.5950991999997,600682.2629551997
1,0,48,820.4501599999999,0
1,0,48,435.6784,786580.1886208002
1,0,48,689.2694912,1022321.85852
1,0,48,516.255904,1059153.3151359998
1,0,48,519.8142448000001,795552.4088319999
1,0,48,801.568544,1071076.1466000003
1,0,48,813.1182359999999,772297.8252552
1,0,48,825.5812880000001,924233.0879999998
1,0,48,741.0302719999986,694169.8861360003
1,0,48,0,0
1,0,48,807.5301472000001,10180.493504
1,0,48,151.0,184502.20147599996
1,0,48,0,0
1,0,48,0,0
1,0,48,0,0
1,0,48,0,0
1,0,48,0,0
1,0,48,0,700609.5615496
1,0,48,0,0
1,0,48,0,0
1,0,48,808.4198079999999,781919.4329232001
1,0,48,0,693003.1385488
1,0,48,0,0
1,0,48,476.5767759999993,0
1,0,48,0,0
1,0,48,0,0
1,0,48,2.0,17560.069696
1,0,48,0,0
1,0,48,0,0
1,0,48,0,0
1,0,48,689.460224,1113635.6093120002
1,0,48,0,232.0
1,0,48,0,0
1,0,48,0,0
1,0,48,0,0
1,0,48,0,0
1,0,48,2.0,0
1,0,48,0,0
1,0,48,0,0
1,0,48,704.5081439999999,167.07679679999995
1,0,48,839.398496,5985.167616000001
1,0,48,0,0
1,0,48,0,0
1,0,48,604.1301520000002,17498.646592
1,0,48,35.47209600000005,142.2803280000003
1,0,48,0,0
1,0,48,0,0
1,0,48,151.0,592432.2563120001
1,0,48,2.0,1062539.523352
1,0,48,0,0
1,0,48,0,0
1,0,48,629.5871344,607466.1744368002
1,0,48,0,0
1,0,48,0,0
1,0,48,0,0
1,0,48,0,219331.32907839998
1,0,48,1.0,158.0
1,0,48,0,0
1,0,48,0,0
1,0,48,466.713159999999,186044.72219200007
1,0,48,1.0,1049015.7542560003
1,0,48,0,0
1,0,48,0,7701.304488000011
1,0,48,627.287392,878352.2584799998
1,0,48,3.5459439999999915,67.21993759999998
1,0,48,0,0
1,0,48,0,0
1,0,48,0,486117.1688776
1,0,48,882.5199008,665167.4827360001
1,0,48,0,0
1,0,48,2.0,0
1,0,48,188.16535840000003,49210.6967632
1,0,48,0,0
1,0,48,0,0
1,0,48,0,0
1,0,48,678.7539039999997,40012.389798400065
1,0,48,0,0
1,0,48,0,0
1,0,48,0,0
1,0,48,716.1830448000001,876240.70024
1,0,48,808.7105488000001,797317.48336
1,0,48,148.0,816430.7203200001
1,0,48,0,0
1,0,48,0,0
1,0,48,0,0
1,0,48,169.69457200000008,279.3791552000009
1,0,48,0,256644.172288
1,0,48,600.0,758808.9687999999
1,0,48,839.07332,543106.3568656001
1,0,48,0,0
1,0,48,0,0
1,0,48,3.3168568000000107,1058520.96736
1,0,48,0,49.85872319999959
1,0,48,0,0
1,0,48,0,0
1,0,48,552.9526688,567776.195864
1,0,48,0,0
1,0,48,0,0
1,0,48,0,0
1,0,48,9.195096000000007,14227.65830079999
1,0,48,16.0,795061.9204479998
1,0,48,672.1777280000001,66.0
1,0,48,801.884984,512370.1942079996
1,0,48,723.3076552,362508.1215560001
1,0,48,608.98516,1040699.3035520001
1,0,48,0,0
1,0,48,0,0
1,0,48,0,158.0
1,0,48,0,0
1,0,48,0,0
1,0,48,794.7274240000002,765773.617888
1,0,48,797.5062399999999,1052043.4649200002
1,0,48,0,0
1,0,48,0,0
1,0,48,0,0
1,0,48,0,0
1,0,48,1.0,4376.353679999974
1,0,48,0,0
1,0,48,1.0,329.83842879999924
1,0,48,0,0
1,0,48,637.1179,758365.437904
1,0,48,722.1100479999999,910225.9687599998
1,0,48,215.03848000000016,609724.3231520001
1,0,48,0,0
1,0,48,0,0
1,0,48,0,0
1,0,48,0,0
1,0,48,0,0
1,0,48,0,0
1,0,48,0,0
1,0,48,449.5439199999996,787498.6432
1,0,48,724.0,921013.8251999998
1,0,48,722.6848384,797258.0294160001
1,0,48,0,0
1,0,48,0,0
1,0,48,459.00448000000017,809764.4756400005
1,0,48,16.0,325519.65682240226
1,0,48,642.9982,139.22969999999987
1,0,48,0,0
1,0,48,22.274400000000185,927890.4346400001
1,0,48,824.7467359999998,1022468.50416
1,0,48,0,0
1,0,48,0,0
1,0,48,403.79753200000016,271020.3158879997
1,0,48,0,0
1,0,48,0,0
1,0,48,4.165351999999984,0
1,0,48,0,789750.203008
1,0,48,285.4584592000002,665389.42192
1,0,48,0,0
1,0,48,17.489544800000033,0
1,0,48,514.0,797442.853264
1,0,48,406.88395599999996,560936.96128
1,0,48,0,0
1,0,48,0,0
1,0,48,0,0
1,0,48,0,0
1,0,48,0,0
1,0,48,0,0
1,0,48,0,0
1,0,48,0,0
1,0,48,0,0
1,0,48,0,0
1,0,48,0,0
1,0,48,216.01052799999957,0
1,0,48,0,0
1,0,48,0,0
1,0,48,0,0
1,0,48,514.0,357921.62771200004
1,0,48,4.905151999999987,689358.5793759996
1,0,48,0,0
1,0,48,151.0,0
1,0,48,0,0
1,0,48,0,0
1,0,48,0,0
1,0,48,0,0
1,0,48,0,0
1,0,48,0,0
1,0,48,0,0
1,0,48,0,0
1,0,48,0,0
1,0,48,0,0
1,0,48,0,0
1,0,48,0,0
1,0,48,0,7356.1507680000395
1,0,48,0,0
1,0,48,0,0
1,0,48,0,0
1,0,48,0,0
1,0,48,0,0
1,0,48,0,0
1,0,48,559.0938160000001,69.0
1,0,48,600.0,513063.1070880007
1,0,48,626.370304,609.6051199999665
1,0,48,0,0
1,0,48,0,0
1,0,48,153.41801199999995,17563.3902208
1,0,48,16.0,185620.2876256
1,0,48,626.2345984000001,205773.88756000032
1,0,48,2.0,701004.1753120004
1,0,48,0,842033.5232
1,0,48,648.725072,1011760.2731519998
1,0,48,688.1049104,599266.6553240002
1,0,48,688.0,297185.6339320014
1,0,48,942.4544840000002,1102355.3405600002
1,0,48,554.3510079999999,17600.968800000002
1,0,48,847.16504,977994.5489215992
1,0,48,16.0,796939.0229039999
1,0,48,704.2731359999998,190649.8707712
1,0,48,838.974116,158.0
1,0,48,895.5895199999998,894379.757632
1,0,48,860.4867519999996,772686.311736
1,0,48,723.4525120000001,1159960.4586240002
1,0,48,650.797808,776583.13776
1,0,48,654.4820768,801198.9090112001
1,0,48,842.6733920000001,1069321.097472
1,0,48,486.534219999999,914979.0781024001
1,0,48,776.3022079999996,782343.6054719999
1,0,48,557.0446695999999,912356.1973839999
1,0,48,711.7750944000002,141.51525600000025
1,0,48,724.0,906897.5923840003
1,0,48,834.150232,1086695.3674112
1,0,48,801.952256,523120.8425279996
1,0,48,232.05445599999817,1036955.7342464
1,0,48,670.0360064000001,1045403.3119168002
1,0,48,826.1199200000001,17582.2182416
1,0,48,420.99323199999986,840512.4005120001
1,0,48,646.2373119999996,17523.153088
1,0,48,686.3859400000003,848232.2064080001
1,0,48,600.0,1052207.2769680005
1,0,48,4.0,797273.3848
1,0,48,801.879212,850147.1931040002
1,0,48,724.0,561718.2148000001
1,0,48,457.50899200000026,203.0826816
1,0,48,780.2671359999999,486801.43912
1,0,48,713.695536,8673.568488000048
1,0,48,804.672832,1043744.5918959996
1,0,48,792.9702400000001,7393.016731199967
1,0,48,470.20840000000084,17599.58748
1,0,48,622.260664,1056788.7437824
1,0,48,811.8664288,797327.848
1,0,48,743.8721599999985,9948.074963999996
1,0,48,688.21832,781989.1382159999
1,0,48,514.0,780632.5050480001
1,0,48,517.3203520000002,1086502.8568832001
1,0,48,15.0,360085.11632000003
1,0,48,634.1209359999997,1132394.1533599999
1,0,48,877.0610935999999,981933.7224320008
1,0,48,830.1987199999999,953086.4383040005
1,0,48,427.7649304000002,789894.6815487997
1,0,48,0,0
1,0,48,791.9050240000001,0
1,0,48,15.0,669385.149224
1,0,48,0,0
1,0,48,0,0
1,0,48,0,0
1,0,48,0,0
1,0,48,0,0
1,0,48,1.0,605298.0515840002
1,0,48,0,0
1,0,48,0,0
1,0,48,858.5503936,844502.3667199998
1,0,48,0,17609.449476
1,0,48,0,0
1,0,48,155.1519304000005,0
1,0,48,0,0
1,0,48,0,0
1,0,48,15.0,189042.5739839999
1,0,48,0,0
1,0,48,0,0
1,0,48,0,0
1,0,48,520.0820031999999,1022979.9094784
1,0,48,34.92338400000003,294.09629600000005
1,0,48,0,0
1,0,48,15.0,0
1,0,48,0,0
1,0,48,0,0
1,0,48,2.0,0
1,0,48,0,0
1,0,48,0,0
1,0,48,618.3878319999999,325.6457655999999
1,0,48,619.84876,683.1218431999805
1,0,48,0,0
1,0,48,0,0
1,0,48,148.0,213981.35651199982
1,0,48,3.4427847999999983,163.55147839999995
1,0,48,0,0
1,0,48,0,66.0
1,0,48,610.72564,17652.86208
1,0,48,148.845304,1125472.8896696
1,0,48,0,0
1,0,48,0,0
1,0,48,695.8949279999999,238381.92879999956
1,0,48,0,0
1,0,48,0,0
1,0,48,0,0
1,0,48,2.0,786754.9541632001
1,0,48,164.66612319999984,17662.776039999997
1,0,48,0,0
1,0,48,0,0
1,0,48,622.731736,652926.3556960004
1,0,48,409.23519999999985,1049530.391248
1,0,48,0,0
1,0,48,0,0
1,0,48,507.20899760000003,263503.8148959995
1,0,48,16.0,0
1,0,48,0,0
1,0,48,0,0
1,0,48,0,326668.77479199885
1,0,48,856.223392,674941.0840759992
1,0,48,2.0,0
1,0,48,0,66.0
1,0,48,163.89255520000043,8376.078580800011
1,0,48,0,0
1,0,48,0,0
1,0,48,0,0
1,0,48,622.758448,715968.2826239992
1,0,48,0,0
1,0,48,0,0
1,0,48,0,0
1,0,48,720.0767471999999,852207.5320000002
1,0,48,748.5230720000006,784957.401624
1,0,48,0,794842.7861056001
1,0,48,0,0
1,0,48,0,0
1,0,48,0,0
1,0,48,723.375148,158.0
1,0,48,4.014944000000014,595709.4444919992
1,0,48,514.0,754870.8234240001
1,0,48,677.9865999999998,926501.6950399999
1,0,48,0,0
1,0,48,0,0
1,0,48,612.78568,706661.9676800001
1,0,48,0,0
1,0,48,0,0
1,0,48,0,0
1,0,48,429.62802159999944,770652.992272
1,0,48,0,0
1,0,48,0,0
1,0,48,0,0
1,0,48,288.17547999999977,17600.1071856
1,0,48,16.0,325029.58729599894
1,0,48,605.686,158.0
1,0,48,723.8090632000001,771988.488192
1,0,48,818.4398719999999,284.61742400000014
1,0,48,623.5296544,917849.1915599998
1,0,48,0,0
1,0,48,0,0
1,0,48,0,0
1,0,48,0,0
1,0,48,0,0
1,0,48,615.0,996443.077083202
1,0,48,798.39256,875510.9721400001
1,0,48,0,0
1,0,48,0,0
1,0,48,0,0
1,0,48,0,0
1,0,48,0,14685.713560000013
1,0,48,0,0
1,0,48,430.3086880000003,158.0
1,0,48,0,0
1,0,48,599.2168600000001,877115.16024
1,0,48,821.9764399999999,876242.79916
1,0,48,148.0,538772.570008
1,0,48,0,152.35129200000017
1,0,48,0,0
1,0,48,0,0
1,0,48,0,0
1,0,48,0,0
1,0,48,0,0
1,0,48,0,0
1,0,48,17.0,693582.7745200002
1,0,48,505.918472,797386.2838719999
1,0,48,485.1573760000003,847445.612408
1,0,48,0,0
1,0,48,0,0
1,0,48,600.0,195943.8617199999
1,0,48,443.29044799999997,289.9649360000004
1,0,48,554.72842,158.0
1,0,48,0,0
1,0,48,615.0,273546.25072799996
1,0,48,833.6086400000002,755463.3269759999
1,0,48,0,0
1,0,48,0,0
1,0,48,625.9635519999999,324379.4324799989
1,0,48,0,0
1,0,48,0,0
1,0,48,0,0
1,0,48,0,9709.222236000009
1,0,48,507.35835199999997,12228.87440800008
1,0,48,0,0
1,0,48,0,10640.94133599998
1,0,48,404.63282560000005,695778.7907631998
1,0,48,13.770767999999947,17600.820816
1,0,48,0,0
1,0,48,0,0
1,0,48,0,0
1,0,48,1.0,0
1,0,48,0,114.20049599999976
1,0,48,0,0
1,0,48,0,0
1,0,48,0,0
1,0,48,0,0
1,0,48,0,0
1,0,48,0,0
1,0,48,5.548496,0
1,0,48,0,0
1,0,48,0,0
1,0,48,0,0
1,0,48,199.96633599999996,0
1,0,48,0,17664.85486
1,0,48,0,0
1,0,48,2.809412000000009,0
1,0,48,0,0
1,0,48,0,0
1,0,48,0,0
1,0,48,0,0
1,0,48,0,0
1,0,48,0,0
1,0,48,0,0
1,0,48,0,0
1,0,48,0,0
1,0,48,0,0
1,0,48,0,0
1,0,48,0,0
1,0,48,0,360367.7989184001
1,0,48,0,0
1,0,48,0,0
1,0,48,0,0
1,0,48,0,0
1,0,48,0,0
1,0,48,0,0
1,0,48,2.6453744000000086,0
1,0,48,434.78056000000004,1055129.3183152
1,0,48,600.0,0
1,0,48,0,0
1,0,48,0,0
1,0,48,202.0599040000002,17600.3189568
1,0,48,21.043668000000253,533322.5498664
1,0,48,514.0,486742.74925600004
1,0,48,9.0,756273.9456
1,0,48,1.0,797358.25552
1,0,48,718.917312,796607.610108
1,0,48,622.82308,360294.8350256
1,0,48,723.4133919999999,691196.9498320001
1,0,48,835.90696,1048567.3802919998
1,0,48,91.28316800000073,439891.4620639978
1,0,48,880.5915799999999,357797.86758400005
1,0,48,622.808104,924980.375088
1,0,48,439.4607040000001,394893.8263999995
1,0,48,661.5149695999999,17668.342612
1,0,48,835.522096,805297.2231039996
1,0,48,786.74368,776238.596832
1,0,48,689.2306112,1061034.7807504
1,0,48,647.9914495999999,335.8838320000002
1,0,48,605.5037200000002,1032353.057024
1,0,48,836.5503008,964265.9490800002
1,0,48,3.0,797433.3080800001
1,0,48,801.8725999999999,511792.06689600047
1,0,48,610.8005679999999,847988.108528
1,0,48,652.465616,86.31892799999957
1,0,48,804.834472,1012373.2170240001
1,0,48,647.216744,1062535.314304
1,0,48,688.0,864254.6234872002
1,0,48,390.3001920000013,908192.8672240002
1,0,48,708.6218015999999,797036.04924
1,0,48,786.5175039999999,3412.685807999986
1,0,48,551.3029040000001,780677.365644
1,0,48,624.0350080000001,557938.8451439999
1,0,48,514.0,878841.43536
1,0,48,14.507306400000033,1057102.042624
1,0,48,290.4593200000005,814215.0709200003
1,0,48,623.874232,878249.5034040001
1,0,48,602.50744,303645.62738560146
1,0,48,412.65145600000005,0
1,0,48,723.3194416,506472.7879320001
1,0,48,678.3084400000002,319.85043999999994
1,0,48,647.197808,779063.5875792002
1,0,48,800.18308,605830.5643760001
1,0,48,400.72007199999996,17765.348320000005
1,0,48,615.0,806778.0432448
1,0,48,837.8877440000001,839767.6471039996
1,0,48,635.7886768,0
1,0,48,242.34045760000058,561004.8774400001
1,0,48,582.9981680000001,933275.4744799999
1,0,48,598.1195200000001,932872.4282000001
1,0,48,600.0,847494.6654248
1,0,48,647.533328,1069040.2716960001
1,0,48,802.7791816,771092.7968319998
1,0,48,881.884592,1032827.7267199999
1,0,48,514.0,771979.7610648
1,0,48,0,0
1,0,48,628.325824,9529.48636799999
1,0,48,16.37069999999997,684463.3995279997
1,0,48,0,0
1,0,48,0,0
1,0,48,0,0
1,0,48,0,0
1,0,48,0,0
1,0,48,0,354147.25791999995
1,0,48,0,0
1,0,48,0,0
1,0,48,810.6361648,665143.7051199999
1,0,48,32.50506000000004,140.17334400000013
1,0,48,0,0
1,0,48,600.0,0
1,0,48,0,0
1,0,48,0,0
1,0,48,44.39860799999968,158.0
1,0,48,0,0
1,0,48,0,0
1,0,48,0,0
1,0,48,551.54504,1100681.000168
1,0,48,148.71309040000003,9481.883676000001
1,0,48,0,0
1,0,48,0,0
1,0,48,0,0
1,0,48,0,0
1,0,48,0,0
1,0,48,0,0
1,0,48,0,0
1,0,48,595.7515599999999,39355.48335999997
1,0,48,839.3140496000001,17600.687664
1,0,48,0,0
1,0,48,0,0
1,0,48,434.62691200000006,487029.37773279997
1,0,48,1.0,69.0
1,0,48,0,0
1,0,48,0,0
1,0,48,508.83910399999985,213350.17492000002
1,0,48,15.0,1055971.7108224
1,0,48,0,0
1,0,48,0,0
1,0,48,593.3939680000001,545109.1827999997
1,0,48,0,0
1,0,48,0,0
1,0,48,0,0
1,0,48,9.699628800000028,793495.594816
1,0,48,149.0433759999999,0
1,0,48,0,0
1,0,48,0,0
1,0,48,600.0,486448.4580928
1,0,48,15.0,910289.8099456001
1,0,48,0,0
1,0,48,0,66.0
1,0,48,196.59904000000006,17606.9144904
1,0,48,2.0,9887.288402399976
1,0,48,0,0
1,0,48,0,0
1,0,48,2.0,1193.6248832000024
1,0,48,823.7277223999997,17816.794508799994
1,0,48,0,0
1,0,48,4.0,12446.23520799993
1,0,48,262.03022560000124,153.93139200000036
1,0,48,0,0
1,0,48,0,0
1,0,48,0,0
1,0,48,632.8985679999998,357897.7552000001
1,0,48,0,0
1,0,48,0,0
1,0,48,0,0
1,0,48,435.33064,792072.024256
1,0,48,656.085392,795395.988544
1,0,48,401.38621599999993,167.67890879999996
1,0,48,0,0
1,0,48,0,0
1,0,48,0,0
1,0,48,0,248.3829536000004
1,0,48,16.0,357967.173952
1,0,48,614.2230400000001,163907.7182727999
1,0,48,813.822768,735024.9435120003
1,0,48,0,0
1,0,48,0,0
1,0,48,3.8305599999999913,797349.657568
1,0,48,0,0
1,0,48,0,0
1,0,48,0,0
1,0,48,435.40806399999997,599621.654528
1,0,48,0,0
1,0,48,0,0
1,0,48,0,0
1,0,48,35.25055199999997,232.0
1,0,48,412.85958400000004,499143.364908
1,0,48,438.8486656,511845.68015520036
1,0,48,598.79812,12342.801448000027
1,0,48,629.7937888,3123.263088000005
1,0,48,717.9454319999999,663763.8672639994
1,0,48,0,0
1,0,48,0,0
1,0,48,0,0
1,0,48,0,0
1,0,48,0,0
1,0,48,35.82244799999995,848446.0889288
1,0,48,603.9101439999996,1005800.4334079996
1,0,48,0,0
1,0,48,0,0
1,0,48,0,0
1,0,48,0,0
1,0,48,0,0
1,0,48,0,0
1,0,48,15.0,66.0
1,0,48,0,0
1,0,48,621.0325551999999,557852.3128800001
1,0,48,600.0,777606.2645952001
1,0,48,1.6423215999999883,234320.14955199917
1,0,48,0,0
1,0,48,0,0
1,0,48,0,0
1,0,48,0,0
1,0,48,0,0
1,0,48,0,0
1,0,48,0,0
1,0,48,52.835748000000365,768140.6098815999
1,0,48,590.9651680000001,17538.90736
1,0,48,610.77508,772431.137256
1,0,48,0,0
1,0,48,0,0
1,0,48,512.3874799999999,785589.3817600001
1,0,48,434.430304,190660.877056
1,0,48,600.0,0
1,0,48,0,0
1,0,48,35.04000239999996,665289.799264
1,0,48,838.997984,935039.60048
1,0,48,0,0
1,0,48,0,0
1,0,48,293.40553599999964,560192.5392159999
1,0,48,0,0
1,0,48,0,0
1,0,48,0,0
1,0,48,1.9788639999999873,546597.0740079999
1,0,48,0,632573.7786000001
1,0,48,0,0
1,0,48,56.520751999998765,67.09275199999996
1,0,48,487.0735000000013,665531.21176
1,0,48,0,3720.1802400000097
1,0,48,0,0
1,0,48,0,0
1,0,48,0,0
1,0,48,0,0
1,0,48,0,0
1,0,48,0,0
1,0,48,0,0
1,0,48,0,0
1,0,48,0,0
1,0,48,0,0
1,0,48,0,0
1,0,48,2.0,0
1,0,48,0,0
1,0,48,0,0
1,0,48,0,0
1,0,48,154.2988432,0
1,0,48,17.637816800000024,0
1,0,48,0,0
1,0,48,16.0,0
1,0,48,0,0
1,0,48,0,0
1,0,48,0,0
1,0,48,0,0
1,0,48,0,0
1,0,48,0,0
1,0,48,0,0
1,0,48,0,0
1,0,48,0,0
1,0,48,0,0
1,0,48,0,0
1,0,48,0,0
1,0,48,0,210925.3160800001
1,0,48,0,0
1,0,48,0,0
1,0,48,0,0
1,0,48,0,0
1,0,48,0,0
1,0,48,0,0
1,0,48,2.0,66.0
1,0,48,147.4199800000004,796741.8659880001
1,0,48,219.91719999999992,158.0
1,0,48,0,0
1,0,48,0,0
1,0,48,278.827936,190622.36796160002
1,0,48,398.439168,140452.55641599966
1,0,48,15.0,603784.1937896002
1,0,48,17.375624000000016,543729.8462896002
1,0,48,146.45320000000015,773286.5114064001
1,0,48,840.3274208,797387.03152
1,0,48,583.4462000000002,190582.672384
1,0,48,688.117088,617998.3259999999
1,0,48,874.7637736000006,1152822.9730560004
1,0,48,152.6750847999996,215.6798160000008
1,0,48,866.8474720000004,876274.43112
1,0,48,553.0709360000001,767905.4418880001
1,0,48,613.388008,247283.15079999954
1,0,48,820.205048,238127.80600000033
1,0,48,828.3630559999999,773410.4520192
1,0,48,811.786696,799457.8188159999
1,0,48,600.1115200000002,1055939.5655296
1,0,48,615.0,649268.6839119998
1,0,48,675.8832640000003,1022835.504848
1,0,48,857.904928,1037727.5582719999
1,0,48,688.0,796079.4217439999
1,0,48,790.9496319999998,702704.4286719997
1,0,48,689.7672511999999,797446.65856
1,0,48,628.040704,485603.8454199999
1,0,48,626.2994848,837675.604352
1,0,48,724.0,1035263.443712
1,0,48,721.4668800000003,867525.6485199997
1,0,48,585.0671679999999,907879.5756160003
1,0,48,809.836048,621995.1626999998
1,0,48,682.4398000000001,17547.8197888
1,0,48,13.945223999999968,1048663.5232000006
1,0,48,684.1775200000001,7715.030568000033
1,0,48,645.7021791999998,1049012.8014208002
1,0,48,15.0,1032190.3377919999
1,0,48,15.0,789187.407232
1,0,48,798.757552,769735.844512
1,0,48,614.7322599999999,857141.8638640002
1,0,48,797.8664200000001,17662.530376000002
1,0,48,724.0,561934.91524
1,0,48,615.0,2110.1128463999885
1,0,48,697.1690687999999,797478.0112000001
1,0,48,687.3059200000002,557288.5788
1,0,48,615.0,66.25316959999998
1,0,48,622.0232679999999,1057424.3483199999
1,0,48,800.1294879999999,713688.5925696
1,0,48,796.2017199999999,161.541296
1,0,48,615.345184,673220.6458135999
1,0,48,547.1128640000003,1007485.0616832001
1,0,48,437.4838432,1035195.1728512
1,0,48,403.9090312000001,896023.2837760003
1,0,48,688.0,1071902.1416495997
1,0,48,820.4573840000002,1026357.5629880001
1,0,48,862.6681240000003,1130064.4186399998
1,0,48,528.776096,860309.8357480002
1,0,48,0,0
1,0,48,855.6838239999998,158.0
1,0,48,555.8658639999999,41218.24571200007
1,0,48,0,0
1,0,48,0,0
1,0,48,0,0
1,0,48,0,0
1,0,48,0,0
1,0,48,8.32140800000002,17629.398816
1,0,48,0,0
1,0,48,0,0
1,0,48,837.8636240000001,876236.095
1,0,48,2.0,17617.4165328
1,0,48,0,0
1,0,48,189.96628719999995,0
1,0,48,0,0
1,0,48,0,0
1,0,48,0,66.0
1,0,48,0,0
1,0,48,0,0
1,0,48,0,0
1,0,48,148.0,1029668.7705176
1,0,48,2.0,17674.8328
1,0,48,0,0
1,0,48,0,0
1,0,48,0,0
1,0,48,0,0
1,0,48,0,0
1,0,48,0,0
1,0,48,0,0
1,0,48,679.5617800000006,186583.19797600008
1,0,48,711.4592543999997,17599.889088
1,0,48,0,0
1,0,48,0,0
1,0,48,301.7019360000003,752629.0862880005
1,0,48,0,17234.33723200007
1,0,48,0,0
1,0,48,0,0
1,0,48,148.0,350.0
1,0,48,2.0,1027583.3935519999
1,0,48,0,0
1,0,48,0,0
1,0,48,534.4242896000003,914463.4404160002
1,0,48,0,0
1,0,48,0,0
1,0,48,0,0
1,0,48,191.81271039999956,306191.0448255995
1,0,48,225.2531679999995,584.713856000008
1,0,48,0,0
1,0,48,0,0
1,0,48,536.7814111999998,746439.1838351998
1,0,48,202.09638399999994,945118.281536
1,0,48,0,0
1,0,48,0,0
1,0,48,11.433432000000039,756942.280704
1,0,48,1.0,350.0
1,0,48,0,0
1,0,48,0,0
1,0,48,4.0,17638.564896
1,0,48,834.8759008,720372.7869504
1,0,48,0,0
1,0,48,0,158.0
1,0,48,303.35483999999894,66.0
1,0,48,0,0
1,0,48,0,0
1,0,48,0,0
1,0,48,262.64456799999994,485619.7830423999
1,0,48,0,0
1,0,48,0,0
1,0,48,0,0
1,0,48,571.1971520000002,757629.5079712
1,0,48,700.7285759999996,666954.8317760002
1,0,48,190.33676800000012,797285.9142400001
1,0,48,0,0
1,0,48,0,0
1,0,48,0,0
1,0,48,128.89450000000014,98.94182399999929
1,0,48,0,334323.427720001
1,0,48,431.94994959999985,797328.58456
1,0,48,723.424228,703695.6595360001
1,0,48,0,0
1,0,48,0,0
1,0,48,1.0,665424.40504
1,0,48,0,0
1,0,48,0,0
1,0,48,0,0
1,0,48,399.48993600000006,637180.3551600003
1,0,48,0,0
1,0,48,0,0
1,0,48,0,0
1,0,48,168.58125759999993,350.0
1,0,48,4.99847840000001,558027.5788799999
1,0,48,585.2023599999999,486764.60847999994
1,0,48,604.1973760000002,765071.598976
1,0,48,688.0,185947.861264
1,0,48,609.1321600000001,797423.9176
1,0,48,0,0
1,0,48,0,0
1,0,48,0,0
1,0,48,0,0
1,0,48,0,0
1,0,48,647.0046608000001,838780.5413120002
1,0,48,667.4738815999999,839888.067968
1,0,48,0,0
1,0,48,0,0
1,0,48,0,0
1,0,48,0,0
1,0,48,185.33530479999993,228.00669600000052
1,0,48,0,0
1,0,48,11.924472000000037,329.86933599999975
1,0,48,0,0
1,0,48,723.424984,544087.2202144
1,0,48,658.9688959999999,873572.7377199999
1,0,48,15.0,319998.5543920008
1,0,48,0,284.55609200000004
1,0,48,0,0
1,0,48,0,0
1,0,48,0,0
1,0,48,0,0
1,0,48,0,0
1,0,48,0,0
1,0,48,16.0,871446.4396239999
1,0,48,655.53152,876257.1844
1,0,48,660.1504639999994,779010.0138215999
1,0,48,0,0
1,0,48,0,0
1,0,48,689.734256,41648.859927999925
1,0,48,150.6173248000001,158.0
1,0,48,174.66608800000003,0
1,0,48,0,0
1,0,48,239.2086519999998,832473.8827079999
1,0,48,835.977856,926344.7801600001
1,0,48,0,0
1,0,48,0,0
1,0,48,705.3949103999998,562405.21288
1,0,48,0,0
1,0,48,0,0
1,0,48,0,0
1,0,48,16.14439200000001,17536.80532
1,0,48,0,486541.52003200003
1,0,48,0,0
1,0,48,1.0,190671.30918399998
1,0,48,517.7332287999999,189108.8806128
1,0,48,178.18731999999997,17605.7314128
1,0,48,0,0
1,0,48,0,0
1,0,48,0,0
1,0,48,0,0
1,0,48,0,0
1,0,48,0,0
1,0,48,0,0
1,0,48,0,0
1,0,48,0,0
1,0,48,0,0
1,0,48,0,0
1,0,48,2.0,0
1,0,48,0,0
1,0,48,0,0
1,0,48,0,0
1,0,48,179.05165599999995,0
1,0,48,1.0,0
1,0,48,0,0
1,0,48,13.725264000000067,0
1,0,48,0,0
1,0,48,0,0
1,0,48,0,0
1,0,48,0,0
1,0,48,0,0
1,0,48,0,0
1,0,48,0,0
1,0,48,0,0
1,0,48,0,0
1,0,48,0,0
1,0,48,0,0
1,0,48,0,0
1,0,48,0,14520.359324800105
1,0,48,0,0
1,0,48,0,0
1,0,48,0,0
1,0,48,0,0
1,0,48,0,0
1,0,48,0,0
1,0,48,2.0,1911.3115680000133
1,0,48,655.1140160000001,876241.0288000001
1,0,48,634.4010279999999,0
1,0,48,0,0
1,0,48,0,0
1,0,48,280.0311999999999,665761.178488
1,0,48,1.0,190655.07097600002
1,0,48,638.837824,843643.8609152001
1,0,48,242.66903199999936,842008.0578560003
1,0,48,1.0,856685.6131768003
1,0,48,722.715904,862516.7241856
1,0,48,650.7798079999999,487406.824828
1,0,48,811.2377728,761210.0174944
1,0,48,900.731616,1128606.8955919999
1,0,48,581.2433599999999,665489.33596
1,0,48,933.8866399999999,926121.6377600001
1,0,48,613.465756,1071848.7533999993
1,0,48,617.9230263999999,618119.8392
1,0,48,823.215776,356468.70265600004
1,0,48,834.5345248,1036207.1181440001
1,0,48,888.0056160000003,935616.1699280003
1,0,48,810.040168,1116482.6801168001
1,0,48,688.0,694714.0127943999
1,0,48,713.3665920000001,976787.1978127996
1,0,48,849.6597056,1081521.33408
1,0,48,569.7076639999998,1083431.701224
1,0,48,799.413448,1038904.1284352
1,0,48,720.2023104000001,910402.5084759999
1,0,48,815.8632480000001,10193.0117216
1,0,48,801.7524968,961836.3331999994
1,0,48,770.1702079999998,1202735.095068001
1,0,48,796.67266,791405.1617151999
1,0,48,442.08482239999995,931677.2451200003
1,0,48,821.763164,986515.9861759989
1,0,48,839.504144,0
1,0,48,637.8406719999996,1051650.3511576
1,0,48,559.2519040000002,486750.1775656
1,0,48,721.2879936,906723.1888000002
1,0,48,48.56065679999995,1034993.4679040001
1,0,48,28.6629599999998,840930.4206079999
1,0,48,717.9318239999997,874049.0823400001
1,0,48,665.4151039999997,853801.7507800002
1,0,48,700.2581279999999,0
1,0,48,800.3013639999999,722997.3350400004
1,0,48,812.0376,17580.02984
1,0,48,654.3552319999999,878842.2606
1,0,48,851.6095471999997,17649.262176
1,0,48,216.11084800000015,17665.27822
1,0,48,723.2318248,1043817.0066640003
1,0,48,900.8748095999998,847379.3050712001
1,0,48,688.0,8660.643096000036
1,0,48,606.1217200000001,813023.8578600003
1,0,48,676.2416799999997,943445.6569376012
1,0,48,196.773952,911009.6564704
1,0,48,548.2943840000003,877293.22164
1,0,48,711.3203519999995,1084416.66036
1,0,48,801.8109440000001,932771.6912
1,0,48,898.3916640000001,1022996.080508
1,0,48,671.1847040000002,876247.8634
1,0,48,0,0
1,0,48,879.7938320000001,387.7435520000007
1,0,48,4.0,1028.863999999996
1,0,48,0,0
1,0,48,0,0
1,0,48,0,69.0
1,0,48,0,0
1,0,48,0,0
1,0,48,437.6678656,17814.5164
1,0,48,0,0
1,0,48,0,0
1,0,48,897.9477599999999,808354.2475319997
1,0,48,9.0,230597.40001600035
1,0,48,0,0
1,0,48,16.0,0
1,0,48,0,0
1,0,48,0,0
1,0,48,148.0,66.0
1,0,48,0,0
1,0,48,0,0
1,0,48,0,0
1,0,48,553.9091599999999,1097450.857604
1,0,48,15.0,66.0
1,0,48,0,0
1,0,48,0,0
1,0,48,0,0
1,0,48,0,0
1,0,48,0,0
1,0,48,0,0
1,0,48,0,0
1,0,48,689.934992,319785.4140160014
1,0,48,804.5728743999999,190668.266368
1,0,48,0,0
1,0,48,0,0
1,0,48,627.8196639999999,757358.9175711999
1,0,48,2.0,17496.154816000002
1,0,48,0,0
1,0,48,0,0
1,0,48,695.7361247999997,17608.255872
1,0,48,1.0,1072667.2687199998
1,0,48,0,0
1,0,48,0,0
1,0,48,565.6143103999998,665737.39576
1,0,48,0,0
1,0,48,0,0
1,0,48,0,0
1,0,48,16.0,797376.73024
1,0,48,179.98927840000005,2368.567123200005
1,0,48,0,0
1,0,48,0,0
1,0,48,474.5279320000002,561830.3200000001
1,0,48,2.007536000000016,1037605.994624
1,0,48,0,0
1,0,48,0,0
1,0,48,464.59744000000035,754451.3652479999
1,0,48,2.6042959999999766,4392.367871999998
1,0,48,0,0
1,0,48,0,0
1,0,48,2.0,10178.1135488
1,0,48,837.9122239999999,487304.583928
1,0,48,0,0
1,0,48,0,66.0
1,0,48,4.0,0
1,0,48,0,0
1,0,48,0,0
1,0,48,0,0
1,0,48,403.69007200000004,758212.673008
1,0,48,0,0
1,0,48,0,0
1,0,48,0,0
1,0,48,514.0,847344.725384
1,0,48,834.700336,748007.3409840006
1,0,48,407.3331280000001,554407.0847039999
1,0,48,0,0
1,0,48,0,0
1,0,48,0,0
1,0,48,591.9798400000001,94.31385120000036
1,0,48,16.0,63811.146879998574
1,0,48,630.4856560000001,561755.32924
1,0,48,807.00508,917758.72368
1,0,48,0,0
1,0,48,0,0
1,0,48,116.47145600000113,754968.076992
1,0,48,0,0
1,0,48,0,0
1,0,48,0,0
1,0,48,314.92358400000023,776301.4869600002
1,0,48,0,0
1,0,48,0,0
1,0,48,0,0
1,0,48,560.763064,628011.2923800001
1,0,48,457.3347520000002,774209.1423840001
1,0,48,625.989856,277823.0557176005
1,0,48,650.0938784000001,703863.7974064001
1,0,48,826.17272,293.4104719999998
1,0,48,629.673712,840103.444352
1,0,48,0,0
1,0,48,0,0
1,0,48,0,0
1,0,48,0,0
1,0,48,0,0
1,0,48,576.2230400000001,935715.6489439999
1,0,48,836.95196,757070.4017439999
1,0,48,0,0
1,0,48,0,0
1,0,48,0,0
1,0,48,0,0
1,0,48,3.495375999999993,162.60810560000004
1,0,48,0,0
1,0,48,2.0,17568.4951936
1,0,48,0,0
1,0,48,603.1880800000001,771965.7251352
1,0,48,640.9965519999998,797464.089952
1,0,48,151.0,703910.688388
1,0,48,0,0
1,0,48,0,0
1,0,48,0,0
1,0,48,0,0
1,0,48,0,0
1,0,48,0,0
1,0,48,0,0
1,0,48,10.810776000000061,887091.9291520001
1,0,48,537.9739040000001,833589.1503360004
1,0,48,655.981712,848455.2235688
1,0,48,0,0
1,0,48,0,0
1,0,48,660.5294719999997,17787.552904000004
1,0,48,434.00800000000004,0
1,0,48,589.732,3680.4952800000033
1,0,48,0,0
1,0,48,518.1271552000001,773835.4523808002
1,0,48,818.7783920000002,1009278.653184
1,0,48,0,0
1,0,48,0,0
1,0,48,424.38003999999967,877233.36
1,0,48,0,0
1,0,48,0,0
1,0,48,0,61.78751039999992
1,0,48,1.0,686302.2258160001
1,0,48,324.89169599999934,352554.00332799996
1,0,48,0,0
1,0,48,3.0,10174.5695552
1,0,48,133.84540000000018,838523.4276607998
1,0,48,15.0,17603.059584
1,0,48,0,0
1,0,48,0,0
1,0,48,0,0
1,0,48,0,0
1,0,48,0,66.0
1,0,48,0,0
1,0,48,0,0
1,0,48,0,0
1,0,48,0,0
1,0,48,0,0
1,0,48,0,0
1,0,48,4.0,0
1,0,48,0,0
1,0,48,0,0
1,0,48,0,0
1,0,48,148.0,0
1,0,48,289.52612799999997,188261.66909759998
1,0,48,0,0
1,0,48,2.0,0
1,0,48,0,0
1,0,48,0,0
1,0,48,0,0
1,0,48,0,0
1,0,48,1.0,0
1,0,48,0,0
1,0,48,0,0
1,0,48,0,0
1,0,48,0,0
1,0,48,0,0
1,0,48,0,0
1,0,48,0,0
1,0,48,0,292.40453599999984
1,0,48,0,0
1,0,48,0,0
1,0,48,0,0
1,0,48,0,0
1,0,48,0,0
1,0,48,0,0
1,0,48,1.7653839999999974,0
1,0,48,590.6851600000002,848794.900232
1,0,48,602.0736399999998,8860.872287999966
1,0,48,0,0
1,0,48,0,0
1,0,48,582.3501440000001,17530.174479999998
1,0,48,1.5799599999999856,486204.447928
1,0,48,285.2901039999999,602712.9631520002
1,0,48,31.119132000000064,669175.1548160001
1,0,48,0,797329.3396
1,0,48,797.04064,320737.64548000146
1,0,48,530.2659199999998,765538.2830559997
1,0,48,816.5205599999999,17583.685395200002
1,0,48,855.7866879999999,1066438.042416
1,0,48,148.0,555178.120932
1,0,48,835.6634272,637950.0973600002
1,0,48,524.1777152000001,793424.88064
1,0,48,617.7700288000001,17541.630940000003
1,0,48,688.0,1903.281119999993
1,0,48,800.2024479999999,712568.6385920001
1,0,48,676.8797800000002,850070.1503536005
1,0,48,689.93048,1065335.34216
1,0,48,611.24044,655799.315032
1,0,48,638.4146055999997,797352.329248
1,0,48,796.8524799999999,1038128.678528
1,0,48,559.472152,911116.2715959998
1,0,48,801.6304399999999,8227.528079999995
1,0,48,600.0,788629.5086080001
1,0,48,615.0,10187.685248
1,0,48,667.0639999999999,1024760.834144
1,0,48,689.2267999999999,1057419.434752
1,0,48,673.2633999999996,248567.94995200002
1,0,48,515.8212376000001,889626.7346560005
1,0,48,622.5547048000001,742698.8014751996
1,0,48,616.1410000000001,8199.103656000036
1,0,48,504.76987519999994,809111.1519599998
1,0,48,278.60569599999997,69.0
1,0,48,688.0,1026589.7391128
1,0,48,429.9760048000001,938683.6098128002
1,0,48,434.11693120000007,909676.2847456002
1,0,48,628.6613632000001,784823.4139151999
1,0,48,600.0,694023.1082319999
1,0,48,580.4537600000001,158.0
1,0,48,513.469808,190667.091712
1,0,48,801.5148320000001,158.0
1,0,48,680.0503719999997,724226.5464000001
1,0,48,801.0055112,16014.72315519996
1,0,48,174.16448800000026,5929.728960000016
1,0,48,617.3112040000001,1054241.3585871998
1,0,48,803.7736239999999,796435.62216
1,0,48,612.0155199999999,68.01416
1,0,48,554.6555919999998,560482.5542799999
1,0,48,688.0,872486.6826280004
1,0,48,297.7763088000004,1020290.443008
1,0,48,459.1131519999997,468940.7223920008
1,0,48,723.0607600000001,1082363.1101759998
1,0,48,654.648992,757487.063488
1,0,48,798.1468,980501.3552959994
1,0,48,619.371136,864734.8209279999
1,0,48,0,0
1,0,48,821.7841976,529485.1423439996
1,0,48,123.40276000000006,522690.3966479997
1,0,48,0,0
1,0,48,0,0
1,0,48,0,59.625984000000074
1,0,48,0,0
1,0,48,0,0
1,0,48,1.0889679999999942,17674.4782
1,0,48,0,0
1,0,48,0,0
1,0,48,722.520064,772079.86572
1,0,48,0,68.50935199999999
1,0,48,0,0
1,0,48,128.97160000000017,0
1,0,48,0,0
1,0,48,0,0
1,0,48,0,68.765432
1,0,48,0,0
1,0,48,0,0
1,0,48,0,0
1,0,48,562.9100480000002,1060370.037064
1,0,48,5.177695999999969,0
1,0,48,0,0
1,0,48,0,0
1,0,48,0,0
1,0,48,0,0
1,0,48,0,0
1,0,48,0,0
1,0,48,0,0
1,0,48,648.4342496,455997.85474880063
1,0,48,694.706496,10886.633992000017
1,0,48,0,0
1,0,48,0,0
1,0,48,284.4704799999994,549489.6695919998
1,0,48,2.112624799999992,0
1,0,48,0,0
1,0,48,0,0
1,0,48,277.90474240000003,610239.8333960001
1,0,48,0,876257.86102
1,0,48,0,0
1,0,48,0,0
1,0,48,435.804208,874562.8587880004
1,0,48,0,0
1,0,48,0,0
1,0,48,0,0
1,0,48,149.1049072,797402.4031839999
1,0,48,1.0,0
1,0,48,0,0
1,0,48,0,0
1,0,48,432.82972000000007,703871.961904
1,0,48,153.15097599999964,797172.7286400001
1,0,48,0,0
1,0,48,0,0
1,0,48,504.10653200000013,571.9468160000156
1,0,48,3.558339999999987,0
1,0,48,0,0
1,0,48,0,0
1,0,48,34.81534080000003,17617.12212
1,0,48,724.0,550867.8530176
1,0,48,0,0
1,0,48,0,0
1,0,48,307.96982400000087,66.0
1,0,48,0,0
1,0,48,0,0
1,0,48,0,0
1,0,48,434.658736,755898.8735232002
1,0,48,0,0
1,0,48,0,0
1,0,48,0,0
1,0,48,542.5234688000002,923295.3081599999
1,0,48,825.1489760000001,532937.1083280005
1,0,48,16.0,703813.789528
1,0,48,0,0
1,0,48,0,0
1,0,48,0,0
1,0,48,15.17131839999999,273.1603712000003
1,0,48,50.79241200000001,665520.85144
1,0,48,627.451504,665405.1328
1,0,48,688.1879359999999,771660.294348
1,0,48,0,0
1,0,48,0,0
1,0,48,450.91743999999983,468709.7424032006
1,0,48,0,0
1,0,48,0,0
1,0,48,0,0
1,0,48,188.26195599999994,404398.73792000057
1,0,48,0,0
1,0,48,0,0
1,0,48,0,0
1,0,48,551.4347072,2039.1403008000034
1,0,48,497.47110399999974,703427.476816
1,0,48,552.68516,17533.2784
1,0,48,599.3293,287.2198160000001
1,0,48,654.8632639999998,17659.83168
1,0,48,723.1664920000001,896169.3205119998
1,0,48,0,0
1,0,48,0,0
1,0,48,0,0
1,0,48,0,0
1,0,48,0,0
1,0,48,267.11807199999987,878186.093232
1,0,48,615.0,784241.2315320001
1,0,48,0,0
1,0,48,0,0
1,0,48,0,0
1,0,48,0,0
1,0,48,15.0,9868.859843999995
1,0,48,0,0
1,0,48,15.0,102016.36610559825
1,0,48,0,0
1,0,48,688.0,17538.402424
1,0,48,623.7668487999999,790688.4675711998
1,0,48,7.301436800000033,369412.57424000115
1,0,48,0,17632.883616
1,0,48,0,0
1,0,48,0,0
1,0,48,0,0
1,0,48,0,0
1,0,48,0,0
1,0,48,0,0
1,0,48,198.313216,560244.564736
1,0,48,491.4511599999995,9133.145735999995
1,0,48,688.0,691771.7539839998
1,0,48,0,66.0
1,0,48,0,0
1,0,48,577.4115199999997,562088.3796399999
1,0,48,15.0,144.5584319999999
1,0,48,147.06039999999976,152.16112799999985
1,0,48,0,0
1,0,48,585.1162000000002,234320.14955199917
1,0,48,653.1887839999998,796729.5452399999
1,0,48,0,0
1,0,48,0,69.0
1,0,48,435.725152,17596.829744
1,0,48,0,0
1,0,48,0,0
1,0,48,0,387.50264000000016
1,0,48,3.0,66.0
1,0,48,2.0,266665.9058280002
1,0,48,0,0
1,0,48,0,7809.826307999983
1,0,48,605.3875840000001,557756.19504
1,0,48,183.23552800000044,45890.3597535999
1,0,48,0,0
1,0,48,0,0
1,0,48,0,0
1,0,48,0,0
1,0,48,0,68.3130656
1,0,48,0,0
1,0,48,0,0
1,0,48,0,0
1,0,48,0,0
1,0,48,0,0
1,0,48,0,0
1,0,48,1.0,0
1,0,48,0,0
1,0,48,0,0
1,0,48,0,0
1,0,48,187.71122560000003,0
1,0,48,17.28219200000001,17632.526687999998
1,0,48,0,0
1,0,48,4.0,0
1,0,48,0,0
1,0,48,0,0
1,0,48,0,0
1,0,48,0,0
1,0,48,0,0
1,0,48,0,0
1,0,48,0,0
1,0,48,0,0
1,0,48,0,0
1,0,48,0,0
1,0,48,0,0
1,0,48,0,0
1,0,48,0,371.12062399999985
1,0,48,0,0
1,0,48,0,0
1,0,48,0,0
1,0,48,0,0
1,0,48,0,0
1,0,48,0,0
1,0,48,0,678.100736000004
1,0,48,552.1492928,880827.8286976004
1,0,48,666.9864319999997,0
1,0,48,0,0
1,0,48,0,0
1,0,48,46.60336799999965,80834.5258239978
1,0,48,398.58794880000005,517974.10962719994
1,0,48,622.2894016,821079.7936799999
1,0,48,283.55117200000007,586771.1390239998
1,0,48,0,762208.8090880001
1,0,48,710.5359936000004,846770.2275752
1,0,48,514.0,337.37335599999983
1,0,48,722.5302159999999,440382.6557119995
1,0,48,838.529336,1030243.2793088
1,0,48,151.0,12955.436610400058
1,0,48,878.9334368,1024701.6357440001
1,0,48,176.27147199999987,801771.6956800001
1,0,48,149.62482640000002,505201.0014600003
1,0,48,839.611136,290.27798000000007
1,0,48,824.9853439999997,1030369.927016
1,0,48,798.49876,862539.0642880001
1,0,48,647.078432,1082737.76412
1,0,48,605.51512,784922.0158296002
1,0,48,627.70432,1059577.14772
1,0,48,837.1598672,1028504.0219840002
1,0,48,516.6234879999998,1028936.6554039998
1,0,48,834.752224,797383.0609599999
1,0,48,714.4200528000001,786650.305792
1,0,48,622.9913104,17555.184448
1,0,48,839.932016,1033143.6264704
1,0,48,786.9523840000002,1088238.1169792
1,0,48,622.571872,865924.0079079999
1,0,48,15.199863999999991,967624.8008479993
1,0,48,722.834488,796201.121652
1,0,48,815.891928,9093.676581600026
1,0,48,514.0,1018223.5583999999
1,0,48,611.139316,149.94981599999994
1,0,48,650.2336160000001,884965.9564671998
1,0,48,458.7572799999996,1082217.34884
1,0,48,1.0,881666.1566080004
1,0,48,629.5207023999999,907638.6325120007
1,0,48,424.2202672000004,585557.854064001
1,0,48,489.2574160000011,1117.8225920000073
1,0,48,596.21812,189325.99636800005
1,0,48,801.7396160000001,17530.735
1,0,48,744.2746880000009,799732.0839040002
1,0,48,780.0240640000002,562415.22616
1,0,48,350.1897360000001,731.4901759999916
1,0,48,615.0,1102825.66448
1,0,48,723.9809104,1023476.0710016001
1,0,48,826.3391839999999,0
1,0,48,516.9273327999999,1018989.6353279995
1,0,48,455.5803999999998,794957.507584
1,0,48,2.5445239999999956,973382.13008
1,0,48,447.8550400000004,186595.09684000007
1,0,48,614.33476,1097659.3125679998
1,0,48,691.5557472000002,993110.1193664009
1,0,48,832.9046480000002,919590.2316
1,0,48,552.6807680000001,1022295.53352
1,0,48,0,0
1,0,48,835.882288,4608.981504000001
1,0,48,38.702848799999884,17547.21184
1,0,48,0,0
1,0,48,0,0
1,0,48,0,0
1,0,48,0,0
1,0,48,0,0
1,0,48,0,14220.152127999987
1,0,48,0,0
1,0,48,0,0
1,0,48,831.4832960000001,847269.821336
1,0,48,4.0,547062.2201799998
1,0,48,0,0
1,0,48,508.64722399999994,0
1,0,48,0,0
1,0,48,0,0
1,0,48,2.0,13107.161944000045
1,0,48,0,0
1,0,48,0,0
1,0,48,0,0
1,0,48,3.0,1048240.6350159997
1,0,48,1.0,0
1,0,48,0,0
1,0,48,0,0
1,0,48,0,0
1,0,48,0,0
1,0,48,1.0,0
1,0,48,0,0
1,0,48,0,0
1,0,48,634.6607199999999,17672.89708
1,0,48,724.0,195210.7459840003
1,0,48,0,0
1,0,48,0,0
1,0,48,436.99907200000007,627578.6942399999
1,0,48,0,0
1,0,48,0,0
1,0,48,0,0
1,0,48,653.8393279999999,17585.232224
1,0,48,0,1040322.4619264002
1,0,48,0,0
1,0,48,0,0
1,0,48,411.03423999999995,682314.4737152001
1,0,48,0,0
1,0,48,0,0
1,0,48,0,0
1,0,48,36.13816799999947,679492.5233840002
1,0,48,15.0,158.0
1,0,48,0,0
1,0,48,0,0
1,0,48,592.6433800000001,213712.27708
1,0,48,285.9674560000001,1074524.2123679998
1,0,48,0,0
1,0,48,0,0
1,0,48,9.0,772285.031868
1,0,48,0,0
1,0,48,0,0
1,0,48,0,0
1,0,48,0,17531.238136
1,0,48,813.1345200000001,717041.8423680002
1,0,48,0,0
1,0,48,0,0
1,0,48,287.1109360000002,232.0
1,0,48,0,0
1,0,48,0,0
1,0,48,0,0
1,0,48,593.2306,654526.6161760006
1,0,48,0,0
1,0,48,0,0
1,0,48,0,0
1,0,48,610.3010320000001,918338.11632
1,0,48,614.608168,772084.638576
1,0,48,8.15402240000003,183413.09010399997
1,0,48,0,0
1,0,48,0,0
1,0,48,0,0
1,0,48,130.05177999999975,66.0
1,0,48,27.516576000000327,50767.5247360001
1,0,48,692.8153727999999,559650.3201039998
1,0,48,802.17148,852528.097168
1,0,48,0,0
1,0,48,0,0
1,0,48,4.0,558474.5651200002
1,0,48,0,0
1,0,48,0,0
1,0,48,0,0
1,0,48,149.13157600000002,757994.11192
1,0,48,0,0
1,0,48,0,0
1,0,48,0,0
1,0,48,170.3198559999996,0
1,0,48,9.0,758496.080848
1,0,48,615.0,558265.953744
1,0,48,655.633376,310211.5776735995
1,0,48,697.2743039999998,3626.362800000017
1,0,48,577.27928,675138.3718160001
1,0,48,0,0
1,0,48,0,0
1,0,48,0,0
1,0,48,0,0
1,0,48,0,0
1,0,48,609.6198399999997,777191.4607056
1,0,48,804.6852160000001,797958.28384
1,0,48,0,0
1,0,48,0,0
1,0,48,0,0
1,0,48,0,0
1,0,48,0,68.88524000000001
1,0,48,0,0
1,0,48,440.87624480000005,17611.1615256
1,0,48,0,0
1,0,48,794.2990335999998,817860.3138239995
1,0,48,637.8977920000004,917301.7800000003
1,0,48,398.749488,190628.532352
1,0,48,0,0
1,0,48,0,0
1,0,48,0,0
1,0,48,0,0
1,0,48,0,0
1,0,48,0,0
1,0,48,0,0
1,0,48,16.0,703573.357372
1,0,48,615.0,765422.7011199999
1,0,48,622.78312,796771.01238
1,0,48,0,0
1,0,48,0,0
1,0,48,86.46974719999923,198664.02280000012
1,0,48,2.0,66.0
1,0,48,175.94474559999998,66.0
1,0,48,0,0
1,0,48,596.8862799999999,49330.28468799997
1,0,48,835.331152,870106.3429360001
1,0,48,0,0
1,0,48,0,0
1,0,48,603.2904400000004,775111.2805920001
1,0,48,0,0
1,0,48,0,0
1,0,48,0,0
1,0,48,16.0,197359.43919999985
1,0,48,15.0,757583.7164800001
1,0,48,0,0
1,0,48,134.30920000000017,243.48155839999936
1,0,48,435.160048,485598.99047200003
1,0,48,151.0,17559.512128000002
1,0,48,0,0
1,0,48,0,0
1,0,48,0,0
1,0,48,0,0
1,0,48,0,0
1,0,48,0,0
1,0,48,0,0
1,0,48,0,0
1,0,48,0,0
1,0,48,0,0
1,0,48,0,0
1,0,48,16.0,0
1,0,48,0,0
1,0,48,0,0
1,0,48,0,0
1,0,48,516.5106592,334.61201199999994
1,0,48,4.0,350.0
1,0,48,0,0
1,0,48,4.202856799999978,0
1,0,48,0,0
1,0,48,0,0
1,0,48,0,0
1,0,48,0,0
1,0,48,0,70.52644800000093
1,0,48,0,0
1,0,48,0,0
1,0,48,0,0
1,0,48,0,0
1,0,48,0,0
1,0,48,0,0
1,0,48,0,0
1,0,48,0,0
1,0,48,0,0
1,0,48,0,0
1,0,48,0,0
1,0,48,0,0
1,0,48,0,0
1,0,48,0,0
1,0,48,398.4635808,54.15358079999993
1,0,48,604.136152,932502.20744
1,0,48,437.836864,0
1,0,48,0,0
1,0,48,0,0
1,0,48,15.0,216513.97423359912
1,0,48,309.02872799999955,2288.5887840000064
1,0,48,510.8814559999999,876251.6878
1,0,48,15.0,530070.9686879992
1,0,48,2.0,795610.386496
1,0,48,777.1525568000004,590664.5528767983
1,0,48,600.9736,17740.764280000003
1,0,48,628.2217407999999,17605.028592
1,0,48,864.0412480000002,1092475.7622439999
1,0,48,15.0,7068.932544000022
1,0,48,851.7558079999999,793833.9880191998
1,0,48,712.8108480000002,603265.8088880002
1,0,48,780.7538176000003,32684.232838400152
1,0,48,616.7795680000002,16712.57879200001
1,0,48,828.5684719999999,840482.4032000001
1,0,48,442.73964799999993,624373.8671999996
1,0,48,667.0035583999993,1060167.2641912
1,0,48,661.8752,386956.51327999856
1,0,48,724.0,1022842.1153360001
1,0,48,834.8729920000001,1086814.6294400003
1,0,48,650.228576,758925.132784
1,0,48,828.8768960000001,620555.6772000003
1,0,48,626.8585887999999,795834.55356
1,0,48,717.8659680000001,17668.078228000002
1,0,48,788.9171200000001,1027231.2989888
1,0,48,834.0131008,1060768.467136
1,0,48,653.3434496,681121.2061280002
1,0,48,2.0,918566.5881600003
1,0,48,722.272312,847782.4776319999
1,0,48,610.001488,17573.253952
1,0,48,502.8331976,849141.915056
1,0,48,624.340768,17458.7488
1,0,48,550.9624159999996,1005698.7563519999
1,0,48,16.0,1031582.0748800002
1,0,48,123.52510000000012,736296.6243312
1,0,48,631.5758319999998,808310.6926199992
1,0,48,591.14536,69.0
1,0,48,600.0,0
1,0,48,679.8804160000002,691488.2264800004
1,0,48,638.1723760000004,2054.675064000017
1,0,48,553.9635920000002,756656.7598080001
1,0,48,793.5427839999998,67.57387520000003
1,0,48,312.46474079999996,4535.59104000004
1,0,48,720.3867744,911226.6197200001
1,0,48,819.5976272,787015.4073087999
1,0,48,685.4205999999998,7051.145831999957
1,0,48,462.2025280000006,782712.620052
1,0,48,551.1339200000001,1022318.034672
1,0,48,562.8566239999998,997273.4894720004
1,0,48,1.0,843628.6680320002
1,0,48,581.6883200000004,1088636.997824
1,0,48,722.8130799999999,840195.5080448
1,0,48,838.0827632,1041365.4503920006
1,0,48,593.8860400000001,253996.77990399988
1,0,48,0,0
1,0,48,797.0314,17612.327712
1,0,48,327.09542400000123,665130.11572
1,0,48,0,0
1,0,48,0,0
1,0,48,0,0
1,0,48,0,0
1,0,48,0,0
1,0,48,12.350035200000036,275649.93974399945
1,0,48,0,0
1,0,48,0,0
1,0,48,679.80244,779630.0344799997
1,0,48,0,17675.32996
1,0,48,0,0
1,0,48,16.34025600000001,0
1,0,48,0,0
1,0,48,0,0
1,0,48,1.0,10707.753548800012
1,0,48,0,0
1,0,48,0,0
1,0,48,0,0
1,0,48,599.66992,1088051.8821248
1,0,48,0,0
1,0,48,0,0
1,0,48,0,0
1,0,48,0,0
1,0,48,0,0
1,0,48,0,0
1,0,48,0,0
1,0,48,0,0
1,0,48,559.5186207999998,66.0
1,0,48,724.0,10180.201856
1,0,48,0,0
1,0,48,0,0
1,0,48,255.5626959999995,810412.6306199996
1,0,48,0,295.95130400000016
1,0,48,0,0
1,0,48,0,0
1,0,48,415.82608000000005,338596.9689279996
1,0,48,0,1097852.16452
1,0,48,0,0
1,0,48,0,0
1,0,48,615.0,511708.77736800024
1,0,48,0,0
1,0,48,0,0
1,0,48,0,0
1,0,48,17.518327999999997,705531.1721600001
1,0,48,4.0,0
1,0,48,0,0
1,0,48,0,0
1,0,48,148.0,158.0
1,0,48,17.0,909105.2051200002
1,0,48,0,0
1,0,48,0,355.24321279999947
1,0,48,514.0,22581.615775999475
1,0,48,0,158.0
1,0,48,0,0
1,0,48,0,0
1,0,48,3.0,11566.043891199995
1,0,48,795.5739136000002,631460.0934000005
1,0,48,0,0
1,0,48,15.101008000000007,0
1,0,48,183.6663759999997,0
1,0,48,0,0
1,0,48,0,0
1,0,48,0,0
1,0,48,394.9078079999996,692949.8973712003
1,0,48,0,0
1,0,48,0,0
1,0,48,0,0
1,0,48,211.11776320000013,860987.8808080002
1,0,48,835.4660799999999,17586.266576
1,0,48,531.1452703999995,163846.0308327998
1,0,48,0,0
1,0,48,0,0
1,0,48,0,66.0
1,0,48,164.32711600000016,66.0
1,0,48,15.0,188294.149896
1,0,48,398.081712,841779.1934719996
1,0,48,715.2750720000003,704777.0842879999
1,0,48,0,286.9293440000001
1,0,48,0,0
1,0,48,16.0,761862.67912
1,0,48,0,0
1,0,48,0,0
1,0,48,0,0
1,0,48,15.745511199999981,361892.09506399994
1,0,48,0,0
1,0,48,0,0
1,0,48,0,0
1,0,48,15.0,52336.11587199957
1,0,48,6.6287360000000035,50697.78416800017
1,0,48,15.0,264967.7584055998
1,0,48,797.96188,554995.2846864001
1,0,48,622.6963599999999,260326.58498559994
1,0,48,625.406656,703731.622204
1,0,48,0,0
1,0,48,0,0
1,0,48,0,0
1,0,48,0,0
1,0,48,0,0
1,0,48,420.63761920000036,356985.416896
1,0,48,622.82176,794322.4067200002
1,0,48,0,0
1,0,48,0,0
1,0,48,0,0
1,0,48,0,0
1,0,48,0,69.0
1,0,48,0,0
1,0,48,0,3424.920479999987
1,0,48,0,0
1,0,48,623.209384,648356.8411359999
1,0,48,536.0052799999997,613013.9480936
1,0,48,1.0,201169.37943999987
1,0,48,0,10613.93613040003
1,0,48,0,0
1,0,48,0,0
1,0,48,0,0
1,0,48,0,0
1,0,48,0,0
1,0,48,0,0
1,0,48,595.5348399999998,825157.5534
1,0,48,201.60928000000013,190643.5278976
1,0,48,524.8843520000001,788499.796864
1,0,48,0,0
1,0,48,0,0
1,0,48,224.04742720000036,780526.637088
1,0,48,576.029288,558670.7274520003
1,0,48,434.880016,66.0
1,0,48,0,0
1,0,48,510.9532160000001,610570.8397016003
1,0,48,805.982632,1022924.006456
1,0,48,0,0
1,0,48,0,0
1,0,48,28.431119999999794,756160.913664
1,0,48,0,0
1,0,48,0,0
1,0,48,0.5686239999999998,0
1,0,48,1.0,174681.5667520004
1,0,48,16.26970559999998,11408.224960000072
1,0,48,0,0
1,0,48,16.0,536664.8396400007
1,0,48,514.0,561543.47218
1,0,48,1.8568143999999904,213402.44451999993
1,0,48,0,0
1,0,48,0,0
1,0,48,0,0
1,0,48,0,0
1,0,48,0,0
1,0,48,0,0
1,0,48,0,0
1,0,48,0,0
1,0,48,0,0
1,0,48,0,0
1,0,48,0,0
1,0,48,2.0,0
1,0,48,0,0
1,0,48,0,0
1,0,48,0,0
1,0,48,4.0,66.0
1,0,48,0,36729.57382399975
1,0,48,0,0
1,0,48,2.0,0
1,0,48,0,0
1,0,48,0,0
1,0,48,0,0
1,0,48,0,0
1,0,48,0,0
1,0,48,0,0
1,0,48,0,0
1,0,48,0,0
1,0,48,0,0
1,0,48,0,0
1,0,48,0,0
1,0,48,0,0
1,0,48,0,158.0
1,0,48,0,0
1,0,48,0,0
1,0,48,0,0
1,0,48,0,0
1,0,48,0,0
1,0,48,0,0
1,0,48,3.504438399999998,1999.2465120000074
1,0,48,16.957368000000002,796733.41218
1,0,48,399.6749280000001,66.27977600000003
1,0,48,0,0
1,0,48,0,0
1,0,48,82.48668799999939,384769.05536000035
1,0,48,509.0794376,42983.435684799886
1,0,48,292.86920799999996,921243.5414400005
1,0,48,1.0,762218.6968240001
1,0,48,2.0,793559.0120320001
1,0,48,825.0345440000001,845308.512632
1,0,48,578.1504799999999,193832.66079999943
1,0,48,688.2224960000001,705655.92416
1,0,48,839.8152992,1047033.6284751997
1,0,48,15.0,17526.853600000002
1,0,48,839.4351200000001,1026570.2727056001
1,0,48,561.396704,706085.7219199999
1,0,48,399.0148992,8854.72414799998
1,0,48,807.8155120000001,17550.891328
1,0,48,762.3528319999991,751009.7294280002
1,0,48,723.9877216,805404.0643839999
1,0,48,633.6603040000002,1059428.2109536
1,0,48,590.0819200000002,300500.656801599
1,0,48,507.56938879999984,834002.2328400002
1,0,48,781.265152,1040350.639232
1,0,48,722.719216,1009994.1385727999
1,0,48,721.6562832000001,773733.11688
1,0,48,615.0,692044.5694360003
1,0,48,600.0,17490.495616
1,0,48,628.819024,797346.78208
1,0,48,801.1135999999999,1050030.2640640002
1,0,48,695.0929199999994,566306.7143552006
1,0,48,278.5532224,912525.3920800001
1,0,48,808.7319519999999,756664.2793728
1,0,48,654.84656,7014.3713760000155
1,0,48,13.988755200000071,786034.7714559999
1,0,48,683.3603199999999,224.54580000000047
1,0,48,723.4481920000001,680424.4794583997
1,0,48,132.72183999999956,869875.0477600002
1,0,48,16.0,213793.24584640088
1,0,48,688.1514896,607379.7243679999
1,0,48,425.67299199999957,761258.0825487999
1,0,48,723.0364864000001,0
1,0,48,410.00172160000034,624269.0759999995
1,0,48,649.412384,0
1,0,48,611.2959519999999,737978.3946719998
1,0,48,623.346328,7712.39973599997
1,0,48,283.8090399999997,366.2573263999995
1,0,48,572.7940591999993,878300.64924
1,0,48,715.8363936000001,846969.596168
1,0,48,634.7941359999999,52.31867519999969
1,0,48,34.841016000000025,241224.7872160003
1,0,48,148.0,842741.7834752
1,0,48,564.9147584,1022473.6427999999
1,0,48,615.0,793276.6860160001
1,0,48,622.8149920000001,877889.1464879999
1,0,48,796.99792,665440.63564
1,0,48,866.3621559999993,926395.98848
1,0,48,560.1564832000001,928468.06592
1,0,48,0,0
1,0,48,838.1627552,185597.15790400017
1,0,48,15.738702399999994,351.90612800000054
1,0,48,0,0
1,0,48,0,0
1,0,48,0,0
1,0,48,0,0
1,0,48,0,0
1,0,48,148.45024,555748.830504
1,0,48,0,0
1,0,48,0,0
1,0,48,801.6213752000001,634650.3722999996
1,0,48,225.4960479999997,66.0
1,0,48,0,0
1,0,48,3.770785599999982,0
1,0,48,0,0
1,0,48,0,0
1,0,48,2.0,137.01921599999986
1,0,48,0,0
1,0,48,0,0
1,0,48,0,0
1,0,48,574.421744,913229.131408
1,0,48,15.0,159.74863999999997
1,0,48,0,0
1,0,48,0,0
1,0,48,0,0
1,0,48,0,0
1,0,48,0,0
1,0,48,0,0
1,0,48,0,0
1,0,48,615.0,189382.7360256
1,0,48,628.5357951999999,428010.0146048009
1,0,48,0,0
1,0,48,0,0
1,0,48,61.459347200000025,154658.3826687974
1,0,48,2.0,66.0
1,0,48,0,0
1,0,48,0,0
1,0,48,603.0301600000001,17599.080912
1,0,48,0,916214.9210399999
1,0,48,0,0
1,0,48,0,0
1,0,48,15.0,52796.45248000209
1,0,48,0,0
1,0,48,0,0
1,0,48,0,0
1,0,48,522.5364607999998,349571.3982160005
1,0,48,17.526703999999995,0
1,0,48,0,0
1,0,48,0,0
1,0,48,16.60771919999999,502896.1939440002
1,0,48,180.59526400000007,781247.1485280001
1,0,48,0,0
1,0,48,0,0
1,0,48,504.1893680000001,649259.1807039997
1,0,48,0,158.0
1,0,48,0,0
1,0,48,0,0
1,0,48,17.0,17532.528376000002
1,0,48,688.855952,414275.8044800002
1,0,48,4.0,0
1,0,48,14.949336000000017,0
1,0,48,2.714225599999992,295.06867039999986
1,0,48,0,0
1,0,48,0,0
1,0,48,0,0
1,0,48,555.995224,66.0
1,0,48,0,0
1,0,48,0,0
1,0,48,0,0
1,0,48,614.9864799999998,841359.4469119997
1,0,48,797.778436,842085.1228928001
1,0,48,33.687936000000064,1030389.8778368
1,0,48,0,0
1,0,48,0,0
1,0,48,0,0
1,0,48,2.0,0
1,0,48,156.09388000000018,39103.29643840003
1,0,48,360.9499848000014,564736.8291200001
1,0,48,645.140608,557886.3505200001
1,0,48,0,57.46144799999976
1,0,48,0,0
1,0,48,16.0,601163.4525919999
1,0,48,0,0
1,0,48,0,0
1,0,48,0,0
1,0,48,444.87277759999995,486984.68351199996
1,0,48,0,0
1,0,48,0,0
1,0,48,0,0
1,0,48,2.0,261.3604064
1,0,48,438.50867199999993,665743.17232
1,0,48,602.54032,327.1768000000011
1,0,48,623.221456,693567.7320639999
1,0,48,514.0,50348.319136000035
1,0,48,593.633716,722929.7405376
1,0,48,0,0
1,0,48,0,0
1,0,48,0,0
1,0,48,0,0
1,0,48,0,0
1,0,48,600.0,744217.7754240003
1,0,48,582.474872,1005348.855552
1,0,48,0,0
1,0,48,0,0
1,0,48,0,0
1,0,48,0,0
1,0,48,0,8113.315655999963
1,0,48,0,0
1,0,48,1.0,164.47269599999987
1,0,48,0,0
1,0,48,688.0,756829.0579967999
1,0,48,618.624208,797883.2366464001
1,0,48,15.0,513086.90409600036
1,0,48,0,66.0
1,0,48,0,0
1,0,48,0,0
1,0,48,0,0
1,0,48,0,0
1,0,48,0,0
1,0,48,0,0
1,0,48,132.9067600000005,779632.624056
1,0,48,542.7354079999999,558320.78088
1,0,48,451.1430399999998,921817.45872
1,0,48,0,0
1,0,48,0,0
1,0,48,553.830464,66.0
1,0,48,1.0,283.2516992000002
1,0,48,54.13648800000013,22144.763936000054
1,0,48,0,0
1,0,48,214.41755200000028,46612.81614399982
1,0,48,800.9892400000001,847543.860536
1,0,48,0,0
1,0,48,0,0
1,0,48,179.92602399999993,785843.4058239999
1,0,48,0,0
1,0,48,0,0
1,0,48,0,0
1,0,48,6.409568000000036,489288.0978600001
1,0,48,57.273920000000885,246445.1888752001
1,0,48,0,0
1,0,48,16.0,69.0
1,0,48,38.61315359999986,190564.165504
1,0,48,151.0,190624.258432
1,0,48,0,0
1,0,48,0,0
1,0,48,0,0
1,0,48,0,0
1,0,48,0,0
1,0,48,0,0
1,0,48,0,0
1,0,48,0,0
1,0,48,0,0
1,0,48,0,0
1,0,48,0,0
1,0,48,0,66.0
1,0,48,0,0
1,0,48,0,0
1,0,48,0,0
1,0,48,25.207680000000067,150.9552287999997
1,0,48,15.0,17536.06228
1,0,48,0,0
1,0,48,15.0,0
1,0,48,0,0
1,0,48,0,0
1,0,48,0,0
1,0,48,0,0
1,0,48,0,0
1,0,48,0,0
1,0,48,0,0
1,0,48,0,0
1,0,48,0,0
1,0,48,0,0
1,0,48,0,0
1,0,48,0,0
1,0,48,0,232.0
1,0,48,0,0
1,0,48,0,0
1,0,48,0,0
1,0,48,0,0
1,0,48,0,0
1,0,48,0,0
1,0,48,228.9397024000003,67.55979199999999
1,0,48,278.0344,762473.6346304
1,0,48,514.0,0
1,0,48,0,0
1,0,48,0,0
1,0,48,675.5464120000001,350.0
1,0,48,287.9550520000002,370879.65488
1,0,48,4.457047999999986,758041.0379919999
1,0,48,472.677159999999,342303.15805599786
1,0,48,1.0,755285.3533440001
1,0,48,801.8855120000001,794743.3086399997
1,0,48,646.9482520000003,764423.3391039998
1,0,48,803.197948,690551.4917199999
1,0,48,808.0202199999999,1152134.049408
1,0,48,17.0,431639.7487039992
1,0,48,837.7916240000001,927746.57216
1,0,48,279.29337280000004,876971.37804
1,0,48,515.7893679999999,190656.1289728
1,0,48,816.3273599999999,163.14718400000004
1,0,48,728.9575231999993,850902.1661536
1,0,48,653.1682880000001,774223.7311824001
1,0,48,623.463496,1125657.423031999
1,0,48,579.2288959999998,280695.19733279955
1,0,48,512.767184,1058889.48496
1,0,48,819.667952,1109659.5146960001
1,0,48,156.2732775999997,714241.7619264002
1,0,48,835.014208,539732.5131040001
1,0,48,688.0,731474.9172768003
1,0,48,718.8636864000001,486777.092632
1,0,48,667.9072639999999,868735.06636
1,0,48,722.9231344,1123563.213944
1,0,48,767.9769344000003,432114.96581119945
1,0,48,17.0,1022516.62464
1,0,48,688.5914576,1035929.4272
1,0,48,839.2782847999999,50963.15401600022
1,0,48,613.89004,740673.1422000005
1,0,48,176.74553679999988,17600.281872
1,0,48,805.9145920000001,794082.2703999999
1,0,48,17.0,928088.0086400001
1,0,48,435.5919328,790233.2003200001
1,0,48,835.3513456,797369.956
1,0,48,618.8389119999999,504664.3422600002
1,0,48,723.20236,0
1,0,48,697.8122735999996,17540.8492
1,0,48,673.8349360000002,17596.979696
1,0,48,686.8512400000001,777980.6105952001
1,0,48,676.6461040000005,277365.3134040006
1,0,48,2.0,17599.218408
1,0,48,797.0913999999998,1003466.756527999
1,0,48,840.102944,756788.5986048001
1,0,48,819.3786559999999,0
1,0,48,547.425848,212149.41603999992
1,0,48,514.769104,878832.35772
1,0,48,600.0,838584.0265472002
1,0,48,203.26028799999995,508379.78592239995
1,0,48,628.661248,1044929.5927840001
1,0,48,805.9453359999999,894618.8796544007
1,0,48,856.3224064,1085845.937496
1,0,48,22.542240000000106,665591.87416
1,0,48,0,0
1,0,48,840.1644608,204902.8520799998
1,0,48,429.01532799999995,612411.7774400002
1,0,48,0,0
1,0,48,0,0
1,0,48,0,0
1,0,48,0,0
1,0,48,0,0
1,0,48,2.0,192574.69926399956
1,0,48,0,0
1,0,48,0,0
1,0,48,688.0,739091.2629383996
1,0,48,0,375.3733760000001
1,0,48,0,0
1,0,48,151.0,0
1,0,48,0,0
1,0,48,0,0
1,0,48,147.73420000000033,17786.739556
1,0,48,0,0
1,0,48,0,0
1,0,48,0,0
1,0,48,652.110368,1035979.926272
1,0,48,2.0,14295.472004800093
1,0,48,0,0
1,0,48,0,0
1,0,48,0,0
1,0,48,1.9816479999999927,0
1,0,48,0,0
1,0,48,0,0
1,0,48,0,0
1,0,48,652.2675439999999,504643.97795999993
1,0,48,718.1234784,17580.382016
1,0,48,0,0
1,0,48,0,0
1,0,48,565.0972064000002,400981.9717279989
1,0,48,16.0,66.0
1,0,48,0,0
1,0,48,0,0
1,0,48,184.92512799999994,255128.62392640085
1,0,48,3.5328784000000155,1049278.3456719997
1,0,48,0,0
1,0,48,0,0
1,0,48,618.3542319999999,35446.90246400043
1,0,48,0,0
1,0,48,0,0
1,0,48,0,0
1,0,48,128.8156000000004,758804.9051967999
1,0,48,0,66.0
1,0,48,0,0
1,0,48,0,66.0
1,0,48,442.0197919999999,336648.957894399
1,0,48,256.51643200000086,876256.207
1,0,48,0,0
1,0,48,0,0
1,0,48,514.0,212957.3057919999
1,0,48,257.5842399999997,12443.911696000026
1,0,48,0,0
1,0,48,0,0
1,0,48,0,0
1,0,48,838.0174448,213489.04984
1,0,48,1.0,0
1,0,48,0,17481.353632000002
1,0,48,191.84680960000014,0
1,0,48,0,0
1,0,48,0,0
1,0,48,0,0
1,0,48,303.5142696000003,17741.862208
1,0,48,0,0
1,0,48,0,0
1,0,48,0,0
1,0,48,615.1424584,347704.34985759814
1,0,48,718.785264,788816.6928255999
1,0,48,1.0,797271.352
1,0,48,0,0
1,0,48,0,0
1,0,48,0,0
1,0,48,281.095264,665800.3755999999
1,0,48,0,706014.3420800001
1,0,48,329.99460960000016,275.3950399999999
1,0,48,689.875952,665713.004704
1,0,48,0,0
1,0,48,0,0
1,0,48,148.0,16624.272044800055
1,0,48,0,0
1,0,48,0,0
1,0,48,0,0
1,0,48,189.8112399999998,300.84464
1,0,48,0,0
1,0,48,0,0
1,0,48,0,0
1,0,48,10.679426399999954,17610.39828
1,0,48,9.0,653355.2627200002
1,0,48,680.6172639999998,68.403572
1,0,48,623.3464336,540723.9189423998
1,0,48,425.86964799999976,494994.65388000023
1,0,48,741.8534719999989,879610.5056895998
1,0,48,0,0
1,0,48,0,0
1,0,48,0,0
1,0,48,0,0
1,0,48,0,0
1,0,48,603.8334399999999,959468.1747200008
1,0,48,622.8660639999999,928623.9509119999
1,0,48,0,0
1,0,48,0,0
1,0,48,0,0
1,0,48,0,0
1,0,48,15.542951200000005,0
1,0,48,0,0
1,0,48,399.713376,0
1,0,48,0,0
1,0,48,655.9488704,641153.9411199994
1,0,48,801.2514176,859690.3186960001
1,0,48,2.0,219531.99639999977
1,0,48,0,0
1,0,48,0,0
1,0,48,0,0
1,0,48,0,0
1,0,48,0,0
1,0,48,0,0
1,0,48,0,0
1,0,48,148.0,703905.20704
1,0,48,655.5205184,187566.06501760002
1,0,48,637.2923199999998,379016.80688000086
1,0,48,0,0
1,0,48,0,0
1,0,48,520.2262479999998,587629.8458503999
1,0,48,487.5350799999997,382278.36886399984
1,0,48,404.1824872000001,0
1,0,48,0,0
1,0,48,453.4163199999998,928001.684
1,0,48,688.0,777335.252352
1,0,48,0,0
1,0,48,0,0
1,0,48,582.6157760000001,188171.38641120004
1,0,48,0,0
1,0,48,0,0
1,0,48,1.0,207.47116799999898
1,0,48,0,44766.78711999979
1,0,48,0,480213.02174240025
1,0,48,0,0
1,0,48,1.0,651976.30072
1,0,48,514.0,210279.06556000002
1,0,48,16.0,17747.634592000002
1,0,48,0,0
1,0,48,0,0
1,0,48,0,0
1,0,48,0,0
1,0,48,0,0
1,0,48,0,0
1,0,48,0,0
1,0,48,0,0
1,0,48,0,0
1,0,48,0,0
1,0,48,0,0
1,0,48,0,0
1,0,48,0,0
1,0,48,0,0
1,0,48,0,0
1,0,48,30.828000000000372,232.0
1,0,48,336.0669840000016,66.0
1,0,48,0,0
1,0,48,9.0,0
1,0,48,0,0
1,0,48,0,0
1,0,48,0,0
1,0,48,0,0
1,0,48,2.0,66.0
1,0,48,0,0
1,0,48,0,0
1,0,48,0,0
1,0,48,0,0
1,0,48,0,0
1,0,48,0,0
1,0,48,0,0
1,0,48,0,1927.289390399994
1,0,48,0,0
1,0,48,0,0
1,0,48,0,0
1,0,48,0,0
1,0,48,0,0
1,0,48,0,0
1,0,48,3.0884896000000026,0
1,0,48,622.067824,797398.14592
1,0,48,605.2719999999999,0
1,0,48,0,0
1,0,48,0,0
1,0,48,86.49161600000161,93563.70803199959
1,0,48,411.502528,17543.907040000002
1,0,48,314.14980000000014,555845.9858783999
1,0,48,15.75732880000001,561105.8265400002
1,0,48,0,562607.2634559999
1,0,48,640.4519943999999,772035.363504
1,0,48,372.0980640000007,190637.62047999998
1,0,48,717.7297535999999,722728.8966143999
1,0,48,695.2093439999996,1062171.311068
1,0,48,435.265288,10188.896528
1,0,48,801.293336,892506.8452479999
1,0,48,130.2267999999994,780042.386376
1,0,48,600.6604000000002,800614.1467263999
1,0,48,723.610528,17663.897656
1,0,48,669.4340480000001,641993.7455919995
1,0,48,611.5351600000001,782534.8380432
1,0,48,442.5356864000001,878188.35312
1,0,48,591.62284,17599.749024
1,0,48,514.2231039999999,792466.6305855999
1,0,48,801.041804,895126.4010880003
1,0,48,4.431272000000007,779333.9697792
1,0,48,600.0,184029.22163199997
1,0,48,24.4012799999999,725575.0421760001
1,0,48,722.9289759999999,17568.5318272
1,0,48,615.0,758689.7666079999
1,0,48,632.8528719999998,926271.0788
1,0,48,649.99616,208241.14943200003
1,0,48,423.4906,877660.1550840001
1,0,48,581.7570560000004,931803.0435200001
1,0,48,623.614684,334.63062400000103
1,0,48,582.767288,796310.97126
1,0,48,435.34451199999995,204201.2039199997
1,0,48,625.549024,763821.3152847999
1,0,48,489.4716999999985,780857.341176
1,0,48,411.28587519999996,796672.5925200001
1,0,48,615.0,183852.19993600008
1,0,48,180.66825999999992,716169.514464
1,0,48,607.3110400000002,220.37252159999906
1,0,48,615.0,273336.8678400003
1,0,48,628.1128959999999,10184.714067199999
1,0,48,600.255904,793678.9475199999
1,0,48,628.8268479999999,17549.7689728
1,0,48,3.7159839999999917,351844.42431999993
1,0,48,442.0804160000001,865978.09384
1,0,48,814.0696800000001,847873.11356
1,0,48,716.4071567999996,66.0
1,0,48,423.40084000000047,758375.31208
1,0,48,376.8786360000002,757312.366528
1,0,48,516.5903920000001,767651.569456
1,0,48,437.71984,772364.7039
1,0,48,540.3924559999997,1056364.6825599999
1,0,48,688.0,869523.3428800001
1,0,48,804.8254000000001,837498.6417919997
1,0,48,507.48458719999985,362858.2125848
1,0,48,0,0
1,0,48,823.06172,17611.1537328
1,0,48,2.0,17665.115680000003
1,0,48,0,0
1,0,48,0,0
1,0,48,0,0
1,0,48,0,0
1,0,48,0,0
1,0,48,17.96631199999996,190602.25984
1,0,48,0,0
1,0,48,0,0
1,0,48,786.621952,501148.02659999987
1,0,48,9.0,9920.202432000027
1,0,48,0,0
1,0,48,14.954995199999985,0
1,0,48,0,0
1,0,48,0,0
1,0,48,9.0,17780.778064000006
1,0,48,0,0
1,0,48,0,0
1,0,48,0,0
1,0,48,622.145704,1034273.7482240001
1,0,48,0,0
1,0,48,0,0
1,0,48,0,0
1,0,48,0,0
1,0,48,0,0
1,0,48,0,0
1,0,48,0,0
1,0,48,0,0
1,0,48,591.3554199999999,4127.301600000021
1,0,48,688.0,17544.13492
1,0,48,0,0
1,0,48,0,0
1,0,48,17.0,10173.309823999998
1,0,48,0,350.0
1,0,48,0,0
1,0,48,0,0
1,0,48,151.0,252053.72315200092
1,0,48,11.337096000000003,777654.409056
1,0,48,0,0
1,0,48,0,0
1,0,48,504.1800080000001,9455.778024000001
1,0,48,0,0
1,0,48,0,0
1,0,48,0,0
1,0,48,1.0,675745.1709439998
1,0,48,15.0,66.0
1,0,48,0,0
1,0,48,0,0
1,0,48,538.2125408000002,350.0
1,0,48,4.0,864127.3537599994
1,0,48,0,0
1,0,48,0,0
1,0,48,346.2807600000016,355320.93740799994
1,0,48,0,0
1,0,48,0,0
1,0,48,0,0
1,0,48,0,66.0
1,0,48,810.174904,6591.242083199972
1,0,48,0,0
1,0,48,0,17600.237856
1,0,48,31.166543999999902,0
1,0,48,0,0
1,0,48,0,0
1,0,48,0,0
1,0,48,515.4250935999999,699720.0965679998
1,0,48,0,0
1,0,48,0,0
1,0,48,0,0
1,0,48,551.652752,761924.6580543999
1,0,48,723.2070640000001,352645.55127039994
1,0,48,4.22684000000001,277565.47416480025
1,0,48,0,0
1,0,48,0,0
1,0,48,0,0
1,0,48,88.90534399999933,66.0
1,0,48,2.0,186.51781440000033
1,0,48,4.0,17605.8415728
1,0,48,624.4791328,360902.7705680002
1,0,48,0,0
1,0,48,0,0
1,0,48,16.0,232.50589760000025
1,0,48,0,0
1,0,48,0,0
1,0,48,0,0
1,0,48,4.0,172395.97855839963
1,0,48,0,0
1,0,48,0,0
1,0,48,0,0
1,0,48,16.0,17640.540672
1,0,48,16.0,21553.34090239947
1,0,48,597.9630399999998,350.0
1,0,48,595.90468,556340.7255360001
1,0,48,511.0828832000002,7050.859872000002
1,0,48,601.4368000000002,490589.8797479998
1,0,48,0,0
1,0,48,0,0
1,0,48,0,0
1,0,48,0,0
1,0,48,0,0
1,0,48,512.9359760000002,700788.33886
1,0,48,622.916344,876238.666
1,0,48,0,0
1,0,48,0,0
1,0,48,0,0
1,0,48,0,0
1,0,48,1.0,66.0
1,0,48,0,0
1,0,48,587.4327400000002,66.0
1,0,48,0,0
1,0,48,151.64912799999954,277015.8585840003
1,0,48,688.0,774413.0718239999
1,0,48,2.0,519478.0105415995
1,0,48,0,0
1,0,48,0,0
1,0,48,0,0
1,0,48,0,0
1,0,48,0,0
1,0,48,0,0
1,0,48,0,0
1,0,48,2.327647999999982,772876.8128831999
1,0,48,558.690196,870211.9608160002
1,0,48,151.0,691881.8374119999
1,0,48,0,0
1,0,48,0,0
1,0,48,593.4584800000002,760777.5622624
1,0,48,483.1045839999998,350.0
1,0,48,16.784231999999975,0
1,0,48,0,0
1,0,48,264.48077439999986,754841.1744
1,0,48,559.757584,628160.8427999999
1,0,48,0,0
1,0,48,0,0
1,0,48,166.93729600000003,352251.277888
1,0,48,0,0
1,0,48,0,0
1,0,48,1.0,0
1,0,48,0,183544.81261600004
1,0,48,0,0
1,0,48,0,0
1,0,48,16.0,0
1,0,48,236.72199999999987,47770.33172799975
1,0,48,1.0,137.05653119999988
1,0,48,0,0
1,0,48,0,0
1,0,48,0,0
1,0,48,0,0
1,0,48,0,0
1,0,48,0,0
1,0,48,0,0
1,0,48,0,0
1,0,48,0,0
1,0,48,0,0
1,0,48,0,0
1,0,48,13.24859520000004,0
1,0,48,0,0
1,0,48,0,0
1,0,48,0,0
1,0,48,87.27220159999945,148.56153599999988
1,0,48,16.0,66.0
1,0,48,0,0
1,0,48,2.0,0
1,0,48,0,0
1,0,48,0,0
1,0,48,0,0
1,0,48,0,0
1,0,48,2.301152000000002,66.0
1,0,48,0,0
1,0,48,0,0
1,0,48,0,0
1,0,48,0,0
1,0,48,0,0
1,0,48,0,0
1,0,48,0,0
1,0,48,0,39871.44913599993
1,0,48,0,0
1,0,48,0,0
1,0,48,0,0
1,0,48,0,0
1,0,48,0,0
1,0,48,0,0
1,0,48,14.289527999999962,0
1,0,48,193.90835199999992,929565.7976
1,0,48,600.0,0
1,0,48,0,0
1,0,48,0,0
1,0,48,577.1580800000002,167650.56942400016
1,0,48,250.59644799999992,209041.37128000008
1,0,48,518.28316,796833.79224
1,0,48,16.0,815330.1317999999
1,0,48,2.0,1019255.9715839998
1,0,48,810.3888352,1032225.2986880001
1,0,48,688.097816,802551.754432
1,0,48,780.0544,769828.7178879998
1,0,48,903.0772224,1093939.92464
1,0,48,4.0,17572.412224
1,0,48,900.523008,1082371.04532
1,0,48,675.3983439999997,930603.300248
1,0,48,598.445956,257.8007359999991
1,0,48,722.030704,17500.9984
1,0,48,840.163808,1022293.6996800001
1,0,48,855.8377600000001,1037164.01216
1,0,48,656.0626208,1109675.1030080002
1,0,48,589.650316,571638.7500775992
1,0,48,811.6733631999998,1060548.484816
1,0,48,826.3746560000001,1041053.1964159999
1,0,48,639.0854800000003,914528.8197351999
1,0,48,724.0,754946.575488
1,0,48,688.0,876250.3636
1,0,48,628.3855072,357477.8345728001
1,0,48,617.3380000000002,1050442.25488
1,0,48,803.1871840000001,1190848.3361680007
1,0,48,804.4572639999999,876242.2734399999
1,0,48,592.97632,845535.1532
1,0,48,863.1048880000001,1023445.0214407999
1,0,48,821.3109919999998,66.0
1,0,48,473.45584000000065,1022449.602
1,0,48,670.2504319999998,778835.339304
1,0,48,722.8928920000001,910761.2046879998
1,0,48,15.0,1155753.752736
1,0,48,172.51528000000008,876254.2393
1,0,48,809.6373039999999,791076.2810943999
1,0,48,563.3344160000004,757729.787824
1,0,48,656.6340223999999,0
1,0,48,798.2927199999999,845272.5120008
1,0,48,722.1277600000001,759436.098448
1,0,48,640.4486079999999,844020.7911679999
1,0,48,689.7096032,342442.69599999965
1,0,48,400.94471199999987,556169.104224
1,0,48,644.243824,1022358.346752
1,0,48,816.2736,849123.7472720001
1,0,48,804.87544,0
1,0,48,519.1995159999999,556115.58708
1,0,48,629.1555808,1038115.0388480001
1,0,48,593.43928,915324.92616
1,0,48,591.4492,488533.66044
1,0,48,723.515368,1087695.3681343999
1,0,48,819.0430759999999,935852.5726399999
1,0,48,908.7781999999996,1066868.4627840002
1,0,48,622.3088416,761951.727952
1,0,48,0,0
1,0,48,723.844684,0
1,0,48,15.0,622028.3279999999
1,0,48,0,0
1,0,48,0,0
1,0,48,0,0
1,0,48,0,0
1,0,48,0,0
1,0,48,25.608719999999636,49527.946479999766
1,0,48,0,0
1,0,48,0,0
1,0,48,901.6439039999999,867138.985984
1,0,48,0,47.17637759999954
1,0,48,0,0
1,0,48,402.9202479999999,0
1,0,48,0,0
1,0,48,0,0
1,0,48,284.9506480000001,14394.601144000004
1,0,48,0,0
1,0,48,0,0
1,0,48,0,0
1,0,48,600.0,1091191.306016
1,0,48,15.0,285.15568640000026
1,0,48,0,0
1,0,48,0,0
1,0,48,0,0
1,0,48,0,0
1,0,48,0,0
1,0,48,0,0
1,0,48,0,0
1,0,48,688.0,34543.45567999963
1,0,48,773.6172992000006,597457.7177839997
1,0,48,0,0
1,0,48,0,0
1,0,48,583.26992,730005.8278655995
1,0,48,10.073711999999972,67.73755040000003
1,0,48,0,0
1,0,48,0,0
1,0,48,586.4795199999999,238289.84665599978
1,0,48,25.626611999999824,1087364.3445248
1,0,48,0,0
1,0,48,0,0
1,0,48,401.57767839999997,352452.05827840004
1,0,48,0,0
1,0,48,0,0
1,0,48,0,0
1,0,48,419.98441120000047,491937.3734999992
1,0,48,2.0,69.0
1,0,48,0,0
1,0,48,0,0
1,0,48,623.370736,190649.188288
1,0,48,17.619262399999997,783128.094672
1,0,48,0,0
1,0,48,0,0
1,0,48,192.68492799999967,17670.51532
1,0,48,2.0,372.65721919999964
1,0,48,0,0
1,0,48,0,0
1,0,48,11.397504000000026,0
1,0,48,900.426336,185534.81411920005
1,0,48,260.8813911999997,0
1,0,48,3.0,66.0
1,0,48,506.60799199999974,158.0
1,0,48,0,0
1,0,48,0,0
1,0,48,0,0
1,0,48,623.2699744,17594.606864
1,0,48,0,0
1,0,48,0,0
1,0,48,0,0
1,0,48,528.3654080000001,876256.2888999999
1,0,48,802.0985872,864912.7001679998
1,0,48,513.6311119999999,792243.0782656001
1,0,48,0,0
1,0,48,0,0
1,0,48,0,0
1,0,48,36.493711200000604,191.1021839999999
1,0,48,1.0,338914.37941599905
1,0,48,437.95734400000003,316001.0223040008
1,0,48,693.0453264000001,797381.5192
1,0,48,0,17606.6423952
1,0,48,0,0
1,0,48,2.0,788253.8091520001
1,0,48,0,0
1,0,48,0,0
1,0,48,0,0
1,0,48,17.51635999999999,336924.9670143994
1,0,48,0,0
1,0,48,0,0
1,0,48,0,0
1,0,48,229.72056639999803,17614.038456000002
1,0,48,436.24398399999995,910001.29756
1,0,48,622.500988,487089.005104
1,0,48,797.5650759999999,786476.2685439999
1,0,48,688.780064,68.14791199999999
1,0,48,640.8439599999999,793011.2491455999
1,0,48,0,0
1,0,48,0,0
1,0,48,0,0
1,0,48,0,0
1,0,48,0,0
1,0,48,241.0755520000005,1022277.4154399999
1,0,48,835.895512,1044822.7282720001
1,0,48,0,0
1,0,48,0,0
1,0,48,0,0
1,0,48,0,0
1,0,48,3.414359200000007,158.0
1,0,48,0,0
1,0,48,211.78621120000008,3032.6636351999905
1,0,48,0,0
1,0,48,796.9807599999999,774970.0416288001
1,0,48,647.2740848,908584.5728199999
1,0,48,1.0,775466.2746864001
1,0,48,0,0
1,0,48,0,0
1,0,48,0,0
1,0,48,0,0
1,0,48,0,0
1,0,48,0,0
1,0,48,0,0
1,0,48,3.0,791601.038656
1,0,48,794.3209984,703870.6262800001
1,0,48,611.010208,355583.0638720001
1,0,48,0,0
1,0,48,0,0
1,0,48,600.0,746335.1121840003
1,0,48,492.2130399999998,17644.820217599998
1,0,48,34.09351200000003,66.0
1,0,48,0,0
1,0,48,130.55379999999946,876246.0271000001
1,0,48,848.1232112000002,845787.979736
1,0,48,0,0
1,0,48,0,0
1,0,48,526.1711360000003,835411.5650399996
1,0,48,0,0
1,0,48,0,0
1,0,48,2.5585424000000216,0
1,0,48,15.0,213400.40780800005
1,0,48,0,775031.5627199999
1,0,48,0,0
1,0,48,4.0,158.0
1,0,48,600.0,830773.5182399997
1,0,48,15.0,17616.9192216
1,0,48,0,0
1,0,48,0,0
1,0,48,0,0
1,0,48,0,0
1,0,48,0,0
1,0,48,0,0
1,0,48,0,0
1,0,48,0,0
1,0,48,0,0
1,0,48,0,0
1,0,48,0,0
1,0,48,0,0
1,0,48,0,0
1,0,48,0,0
1,0,48,0,0
1,0,48,408.6849855999999,66.0
1,0,48,11.196623999999957,66.0
1,0,48,0,0
1,0,48,309.40334400000006,0
1,0,48,0,0
1,0,48,0,0
1,0,48,0,0
1,0,48,0,0
1,0,48,1.0,232.0
1,0,48,0,0
1,0,48,0,0
1,0,48,0,0
1,0,48,0,0
1,0,48,0,0
1,0,48,0,0
1,0,48,0,0
1,0,48,0,17586.8275232
1,0,48,0,0
1,0,48,0,0
1,0,48,0,0
1,0,48,0,0
1,0,48,0,0
1,0,48,0,0
1,0,48,16.0,66.0
1,0,48,628.4765439999999,1023438.341888
1,0,48,688.6959968000001,0
1,0,48,0,0
1,0,48,0,0
1,0,48,514.0,240636.5442880001
1,0,48,40.1427599999995,190582.14016
1,0,48,148.0,1064234.4334559997
1,0,48,0,353671.06412799994
1,0,48,2.0,935968.484072
1,0,48,733.6839680000007,1039334.9490944
1,0,48,722.9262232000001,780566.775516
1,0,48,802.291288,300.9142256
1,0,48,903.9465216,1160604.2052000002
1,0,48,211.70188960000013,25049.96809280007
1,0,48,851.7841663999998,741386.9379816002
1,0,48,629.277688,865993.1517039998
1,0,48,625.7898879999999,672022.7859920003
1,0,48,812.4170039999999,788435.9580928
1,0,48,836.803028,755781.994368
1,0,48,647.7615104000001,703854.8989768
1,0,48,704.2346880000001,1053546.2471200002
1,0,48,615.0,535292.3122079996
1,0,48,646.8327471999999,1060621.7301928
1,0,48,840.6185599999999,1033859.82848
1,0,48,644.8682680000002,845813.2928384
1,0,48,798.59812,837506.842496
1,0,48,622.9425279999999,1002364.6204880005
1,0,48,813.1499279999999,17500.7241664
1,0,48,653.134496,852556.7873679997
1,0,48,814.3712400000001,1058636.984416
1,0,48,809.6528272,1022317.61088
1,0,48,622.9701664,1024258.6935824
1,0,48,819.898616,573294.8840479996
1,0,48,849.5070943999999,69.0
1,0,48,565.9558880000001,896304.5008000003
1,0,48,660.8322176000001,542.7522560000107
1,0,48,651.554024,757893.0915040001
1,0,48,629.9679520000001,1008256.9840128004
1,0,48,2.0,960507.2144959995
1,0,48,689.8487648,808672.1570399997
1,0,48,622.6297119999999,630960.1056
1,0,48,628.7491984000001,158.0
1,0,48,635.9355567999997,703485.516952
1,0,48,629.8752976,0
1,0,48,797.9195560000001,1058395.569856
1,0,48,876.654752,17567.968576
1,0,48,416.648224,197485.03144000052
1,0,48,642.9106431999996,1059615.8471368
1,0,48,807.2359119999999,1033571.832704
1,0,48,834.832384,17828.521408
1,0,48,626.291296,265050.0615408
1,0,48,637.8037071999996,931914.2964799999
1,0,48,608.8427199999999,1128050.18132
1,0,48,401.29368160000007,1057198.4785024
1,0,48,688.0,1141745.6231807997
1,0,48,885.2226479999999,800756.351296
1,0,48,877.8925760000002,1058966.43712
1,0,48,600.0,190607.6293888
1,0,48,0,0
1,0,48,944.3784896,567020.4424208004
1,0,48,628.860664,703524.1098736001
1,0,48,0,0
1,0,48,0,0
1,0,48,0,69.0
1,0,48,0,0
1,0,48,0,0
1,0,48,443.6590448000002,11182.094775999998
1,0,48,0,0
1,0,48,0,0
1,0,48,786.4898560000001,904216.7501440005
1,0,48,169.03113999999997,17673.650812
1,0,48,0,0
1,0,48,2.41307359999999,0
1,0,48,0,0
1,0,48,0,0
1,0,48,0,517970.1901200005
1,0,48,0,0
1,0,48,0,0
1,0,48,0,0
1,0,48,550.407296,1097843.038832
1,0,48,2.0,0
1,0,48,0,0
1,0,48,1.0,0
1,0,48,0,0
1,0,48,0,0
1,0,48,0,0
1,0,48,0,0
1,0,48,0,0
1,0,48,579.8752159999998,172197.6191679998
1,0,48,871.404016,144.70802400000005
1,0,48,0,0
1,0,48,0,0
1,0,48,436.91420800000003,880465.2933759997
1,0,48,0,14474.379052
1,0,48,0,0
1,0,48,0,0
1,0,48,615.0,17646.3490944
1,0,48,0,921158.4244799999
1,0,48,0,0
1,0,48,0,0
1,0,48,600.914224,17604.663024
1,0,48,0,0
1,0,48,0,0
1,0,48,0,0
1,0,48,9.0,688734.5453679999
1,0,48,8.67982399999994,42934.731615999975
1,0,48,0,0
1,0,48,0,36.33912480000026
1,0,48,392.66364000000124,351.2212928000001
1,0,48,1.0,853512.8978463996
1,0,48,0,0
1,0,48,0,173.5508736000001
1,0,48,581.4591200000001,751010.6147256
1,0,48,0,158.0
1,0,48,0,0
1,0,48,0,0
1,0,48,1.0,338719.1796328005
1,0,48,902.2807199999999,778373.723808
1,0,48,0,0
1,0,48,0,0
1,0,48,15.0,158.0
1,0,48,0,0
1,0,48,0,0
1,0,48,0,0
1,0,48,445.9898719999998,211038.50680000003
1,0,48,0,0
1,0,48,0,0
1,0,48,0,0
1,0,48,419.04911200000026,763288.5735424
1,0,48,846.4916959999998,554777.4065448
1,0,48,148.0,665660.44312
1,0,48,0,0
1,0,48,0,0
1,0,48,0,0
1,0,48,15.0,66.0
1,0,48,48.59955359999981,260711.60584
1,0,48,219.87781120000045,580974.626168001
1,0,48,801.664088,905571.0044800004
1,0,48,0,158.0
1,0,48,0,0
1,0,48,552.29744,718553.2632000002
1,0,48,0,0
1,0,48,0,0
1,0,48,0,0
1,0,48,615.0,882395.9200383999
1,0,48,0,0
1,0,48,0,0
1,0,48,0,0
1,0,48,2.0374783999999977,232.0
1,0,48,15.0,634323.7916399991
1,0,48,801.111104,556389.814728
1,0,48,847.4292704000001,703797.404992
1,0,48,723.603784,217253.5014784004
1,0,48,596.13796,851580.9380320003
1,0,48,0,0
1,0,48,0,0
1,0,48,0,0
1,0,48,0,0
1,0,48,0,0
1,0,48,689.7424447999999,797449.918432
1,0,48,644.0055520000001,515693.37638399994
1,0,48,0,0
1,0,48,0,0
1,0,48,0,0
1,0,48,0,0
1,0,48,282.147328,232.0
1,0,48,0,0
1,0,48,0,0
1,0,48,0,0
1,0,48,360.2160720000011,876497.347488
1,0,48,716.7433919999996,1032893.0518015999
1,0,48,15.0,350.0
1,0,48,0,190604.30540800001
1,0,48,0,0
1,0,48,0,0
1,0,48,0,0
1,0,48,0,0
1,0,48,0,0
1,0,48,0,0
1,0,48,507.1848800000001,1010692.7052288
1,0,48,600.0,842746.22912
1,0,48,648.0311936000002,559867.49944
1,0,48,0,0
1,0,48,0,0
1,0,48,514.0,843436.167296
1,0,48,437.36070400000006,555500.6056224001
1,0,48,617.8587496000002,70.57713600000051
1,0,48,0,0
1,0,48,123.85089999999965,791905.1759487999
1,0,48,829.7403200000001,931887.5643199999
1,0,48,0,0
1,0,48,0,0
1,0,48,584.004248,774927.1736640001
1,0,48,0,0
1,0,48,0,0
1,0,48,2.0,0
1,0,48,0,526819.1775360001
1,0,48,35.75350800000007,556263.0378816
1,0,48,0,0
1,0,48,3.8326959999999985,220.9912080000012
1,0,48,613.3475919999998,190581.2977408
1,0,48,9.36664319999997,10187.045504
1,0,48,0,0
1,0,48,0,0
1,0,48,0,0
1,0,48,0,0
1,0,48,0,0
1,0,48,0,0
1,0,48,0,0
1,0,48,0,0
1,0,48,0,0
1,0,48,0,0
1,0,48,0,0
1,0,48,2.0,0
1,0,48,1.0,0
1,0,48,0,0
1,0,48,0,0
1,0,48,602.25232,0
1,0,48,484.32544,350.0
1,0,48,0,0
1,0,48,223.91152000000096,0
1,0,48,0,0
1,0,48,0,0
1,0,48,0,0
1,0,48,0,0
1,0,48,148.251736,543.5022080000203
1,0,48,0,0
1,0,48,0,0
1,0,48,0,0
1,0,48,0,0
1,0,48,2.0,0
1,0,48,0,0
1,0,48,0,0
1,0,48,0,0
1,0,48,0,0
1,0,48,0,0
1,0,48,0,0
1,0,48,0,0
1,0,48,0,0
1,0,48,0,0
1,0,48,15.0,0
1,0,48,722.99704,797462.5323519999
1,0,48,587.3244400000001,66.0
1,0,48,0,0
1,0,48,0,0
1,0,48,567.8561359999999,232.0
1,0,48,561.7661023999999,504602.0993759997
1,0,48,148.0,1023681.9433039998
1,0,48,158.93739519999983,14824.667116000048
1,0,48,4.0,757466.1568192
1,0,48,839.2379840000001,928069.41344
1,0,48,517.1782240000001,190662.828544
1,0,48,750.305753599999,741921.6577320005
1,0,48,815.9095199999999,1170883.0463728008
1,0,48,563.2255519999999,162.96971839999998
1,0,48,858.244576,994415.3106559986
1,0,48,16.0,1027448.538392
1,0,48,277.5938080000001,557615.62188
1,0,48,835.1737312,188780.12030399998
1,0,48,821.0199656000002,657713.4471999998
1,0,48,830.2829599999998,772930.376448
1,0,48,628.2381760000001,1040297.1148544
1,0,48,614.1102040000001,264873.39110399946
1,0,48,722.43364,1088112.894272
1,0,48,840.832112,1083331.435548
1,0,48,543.5374591999998,788650.164544
1,0,48,677.1387999999994,665131.36816
1,0,48,523.6155103999996,876422.0856000001
1,0,48,588.9335199999998,17714.458071999994
1,0,48,592.68904,772219.158456
1,0,48,803.3612800000001,1051880.0044
1,0,48,688.35464,761880.3231040001
1,0,48,517.4003704000002,964437.8659135986
1,0,48,821.4364879999999,841871.8398464002
1,0,48,722.4456279999999,66.0
1,0,48,413.91491199999996,1009821.411072
1,0,48,633.5636079999998,17598.391303999997
1,0,48,835.323424,892529.9589760004
1,0,48,150.99030639999995,1055609.364952
1,0,48,2.0,929925.187904
1,0,48,802.01632,872814.12466
1,0,48,624.283456,876258.95536
1,0,48,796.91968,4553.466239999968
1,0,48,713.2836000000003,822718.61616
1,0,48,688.0,9262.098528
1,0,48,789.7726719999996,929092.87424
1,0,48,801.0606152,551896.7341119996
1,0,48,407.836192,556478.831832
1,0,48,722.30632,1133333.3613919998
1,0,48,832.35104,819993.6775199999
1,0,48,688.0,66.0
1,0,48,594.74176,635830.6668
1,0,48,551.9995759999999,866592.2205760002
1,0,48,257.87353600000046,1033236.14336
1,0,48,610.400032,819813.1176000003
1,0,48,615.0,1154015.7448511997
1,0,48,806.9377119999999,918986.6975999997
1,0,48,870.0157960000005,1065721.6903488003
1,0,48,151.0,779002.44312
1,0,48,0,0
1,0,48,900.7687199999999,25199.2877696004
1,0,48,148.0,17465.4942208
1,0,48,0,0
1,0,48,0,0
1,0,48,0,0
1,0,48,0,0
1,0,48,0,0
1,0,48,15.0,703707.984304
1,0,48,0,0
1,0,48,0,0
1,0,48,881.6897624,557831.47752
1,0,48,16.0,350.0
1,0,48,0,0
1,0,48,151.0,0
1,0,48,0,0
1,0,48,0,0
1,0,48,1.0,66.0
1,0,48,0,0
1,0,48,0,0
1,0,48,0,0
1,0,48,587.2463200000002,1067870.38824
1,0,48,0,40719.350247999995
1,0,48,0,0
1,0,48,0,0
1,0,48,0,0
1,0,48,15.0,0
1,0,48,0,0
1,0,48,0,0
1,0,48,0,0
1,0,48,541.8465248000001,797212.50288
1,0,48,798.336196,771167.8741120002
1,0,48,0,0
1,0,48,0,0
1,0,48,435.44802400000003,797366.54512
1,0,48,0,68.634896
1,0,48,0,0
1,0,48,0,0
1,0,48,16.0,69.0
1,0,48,16.737840000000034,797073.6137999999
1,0,48,0,0
1,0,48,0,0
1,0,48,288.11932000000036,756218.8206720001
1,0,48,2.0,0
1,0,48,0,0
1,0,48,0,0
1,0,48,148.0,557348.23476
1,0,48,17.0,232.0
1,0,48,0,0
1,0,48,0,0
1,0,48,553.1211488,560525.65492
1,0,48,125.69679999999894,1028889.6561224001
1,0,48,0,0
1,0,48,0,0
1,0,48,277.8749919999999,811216.5357600005
1,0,48,0,131.9840639999996
1,0,48,0,0
1,0,48,0,0
1,0,48,0,139.02109919999978
1,0,48,939.757856,905929.6174719998
1,0,48,2.0,0
1,0,48,0,17600.365152
1,0,48,186.36551199999994,337.7529280000007
1,0,48,0,0
1,0,48,0,0
1,0,48,0,0
1,0,48,431.85133599999983,185193.56722480006
1,0,48,0,0
1,0,48,0,0
1,0,48,0,0
1,0,48,742.3231999999987,733599.8602920003
1,0,48,724.0,876249.9976
1,0,48,49.586975999999396,847238.357576
1,0,48,0,0
1,0,48,0,0
1,0,48,0,0
1,0,48,1.0,143.20685999999998
1,0,48,7.843615999999997,173447.54378560008
1,0,48,548.1850879999994,676917.1715815999
1,0,48,688.0,755212.2243839998
1,0,48,0,0
1,0,48,0,0
1,0,48,137.89923999999974,557988.75828
1,0,48,0,0
1,0,48,0,0
1,0,48,0,0
1,0,48,33.7527144,846676.5772160001
1,0,48,0,0
1,0,48,0,0
1,0,48,0,0
1,0,48,15.0,0
1,0,48,33.09331680000005,599013.8876240002
1,0,48,656.123168,185518.249648
1,0,48,742.1592320000004,665261.6389599999
1,0,48,688.0,35501.090681599664
1,0,48,514.0,1022406.4406640001
1,0,48,0,0
1,0,48,0,0
1,0,48,0,0
1,0,48,0,0
1,0,48,0,0
1,0,48,679.2727360000001,1022458.46664
1,0,48,555.0287199999998,927492.60464
1,0,48,0,0
1,0,48,0,0
1,0,48,0,0
1,0,48,0,0
1,0,48,3.4983591999999817,153.39556560000008
1,0,48,0,0
1,0,48,261.8774632,69.0
1,0,48,0,0
1,0,48,704.3660160000001,703452.2242096
1,0,48,834.504256,1032427.6618496
1,0,48,16.0,616991.3271600001
1,0,48,0,67.98245600000001
1,0,48,0,0
1,0,48,0,0
1,0,48,0,0
1,0,48,0,0
1,0,48,0,0
1,0,48,0,0
1,0,48,15.0,1037394.409088
1,0,48,672.4797824000002,762350.1267424
1,0,48,615.0,729715.5691199995
1,0,48,0,0
1,0,48,0,0
1,0,48,694.0322735999995,575848.9368079992
1,0,48,33.3860832,267.56883199999925
1,0,48,434.24041600000004,0
1,0,48,0,0
1,0,48,584.156864,1028982.72554
1,0,48,840.854024,930611.0250560001
1,0,48,0,0
1,0,48,0,0
1,0,48,599.898352,801372.1797375999
1,0,48,0,0
1,0,48,0,0
1,0,48,4.0,0
1,0,48,15.463371999999993,561321.2753199999
1,0,48,1.4140719999999902,197444.10968799976
1,0,48,0,0
1,0,48,16.829880000000003,0
1,0,48,422.92164399999996,89413.83754240285
1,0,48,206.9875359999997,68.196152
1,0,48,0,0
1,0,48,0,0
1,0,48,0,0
1,0,48,0,0
1,0,48,0,0
1,0,48,0,0
1,0,48,0,0
1,0,48,0,0
1,0,48,0,0
1,0,48,0,0
1,0,48,0,0
1,0,48,226.76937280000016,0
1,0,48,0,0
1,0,48,0,0
1,0,48,0,0
1,0,48,424.97266000000025,66.0
1,0,48,600.0,0
1,0,48,0,0
1,0,48,16.0,0
1,0,48,0,0
1,0,48,0,0
1,0,48,0,0
1,0,48,0,0
1,0,48,4.0,256.17084799999964
1,0,48,0,0
1,0,48,0,0
1,0,48,0,0
1,0,48,0,0
1,0,48,0,0
1,0,48,0,0
1,0,48,0,0
1,0,48,0,5258.055551999991
1,0,48,0,0
1,0,48,0,0
1,0,48,1.0,0
1,0,48,0,0
1,0,48,0,0
1,0,48,0,0
1,0,48,2.0,0
1,0,48,159.63164800000052,1039871.4886400002
1,0,48,386.3049935999981,0
1,0,48,0,0
1,0,48,0,0
1,0,48,436.440832,211794.97408000004
1,0,48,278.143696,486653.39908
1,0,48,203.76010240000005,686621.3082160003
1,0,48,22.20743999999999,43007.49554560003
1,0,48,15.0,789945.084544
1,0,48,830.368496,840181.5668480002
1,0,48,578.2251200000002,764261.6912320001
1,0,48,799.661632,772099.6397424
1,0,48,801.8462816,1097944.2190999999
1,0,48,436.49867200000006,781375.561032
1,0,48,856.2341440000001,852149.3865279998
1,0,48,600.0,876256.7038
1,0,48,434.48934399999996,41161.82861440002
1,0,48,839.083856,44163.38511999992
1,0,48,862.1766879999998,848895.0767840001
1,0,48,689.5434319999999,796383.6234
1,0,48,656.1688255999999,927552.938912
1,0,48,502.2319736000001,17543.83612
1,0,48,590.7313599999999,909658.0690959999
1,0,48,810.7511439999998,886950.4451199998
1,0,48,201.6543999999999,904792.4920960009
1,0,48,689.188448,790105.183744
1,0,48,801.2869519999999,935413.1431039999
1,0,48,810.322744,17650.933824
1,0,48,688.9065152000001,850064.182792
1,0,48,836.6720455999999,1023780.607304
1,0,48,801.08132,795801.33708
1,0,48,566.142368,1025141.9731759999
1,0,48,820.513664,868577.3046400005
1,0,48,840.4823839999999,13955.74818400004
1,0,48,398.0196,1022689.482128
1,0,48,553.004408,32444.893798399582
1,0,48,688.0,913718.6381056
1,0,48,435.9664672,1039723.1571199999
1,0,48,2.1581119999999885,834863.6828400003
1,0,48,723.85048,927034.2329599999
1,0,48,622.393288,828699.8357999998
1,0,48,288.83894799999985,6185.778431999978
1,0,48,605.6953599999999,140263.557760003
1,0,48,613.9936,187865.429568
1,0,48,722.5011904,758700.5427519999
1,0,48,838.94636,789310.087168
1,0,48,584.6904799999998,183646.33915119997
1,0,48,776.8352384000007,1053821.493544
1,0,48,870.7940560000001,593248.5860839995
1,0,48,703.8644640000002,99.43397279999928
1,0,48,485.2813599999998,359893.09757599985
1,0,48,570.970016,877716.9887280001
1,0,48,486.2229999999999,1035587.9110400002
1,0,48,618.1024671999999,788226.0586239999
1,0,48,723.5545768,1101283.8699200002
1,0,48,723.141856,772509.48942
1,0,48,836.0582959999999,1099977.2373199996
1,0,48,623.5406704,772989.9865919999
1,0,48,0,0
1,0,48,831.607184,5037.797337599999
1,0,48,399.133536,190623.188608
1,0,48,0,0
1,0,48,0,0
1,0,48,0,0
1,0,48,0,0
1,0,48,0,0
1,0,48,0,730475.2071935998
1,0,48,0,0
1,0,48,0,0
1,0,48,861.3281704,771688.0915679999
1,0,48,0,0
1,0,48,0,0
1,0,48,338.58106559999817,0
1,0,48,0,0
1,0,48,0,0
1,0,48,1.0,0
1,0,48,0,0
1,0,48,0,0
1,0,48,0,0
1,0,48,414.49204480000003,1086168.812748
1,0,48,2.0,0
1,0,48,0,0
1,0,48,0,0
1,0,48,0,0
1,0,48,0,0
1,0,48,0,0
1,0,48,0,0
1,0,48,0,0
1,0,48,724.0,16770.632485599996
1,0,48,838.494236,47432.24876320024
1,0,48,0,0
1,0,48,0,0
1,0,48,16.0,52408.524111999985
1,0,48,1.0,0
1,0,48,0,0
1,0,48,0,0
1,0,48,339.866903999999,11344.995452800013
1,0,48,15.0,1035489.6752383998
1,0,48,0,0
1,0,48,0,0
1,0,48,171.14591200000024,1011390.6132480002
1,0,48,0,0
1,0,48,0,0
1,0,48,0,0
1,0,48,17.889929600000016,237430.25386239888
1,0,48,15.0,158.7515840000001
1,0,48,0,0
1,0,48,0,0
1,0,48,621.650056,17585.8352
1,0,48,16.0,1061626.5252496
1,0,48,0,0
1,0,48,0,0
1,0,48,434.2031344,665255.5727199999
1,0,48,0,0
1,0,48,0,0
1,0,48,0,0
1,0,48,15.0,487227.670072
1,0,48,840.6946640000001,17673.88924
1,0,48,0,0
1,0,48,2.0,0
1,0,48,170.12225200000015,66.0
1,0,48,0,0
1,0,48,0,0
1,0,48,0,0
1,0,48,620.21752,232.0
1,0,48,0,0
1,0,48,0,0
1,0,48,0,0
1,0,48,604.3543120000002,709146.4851199997
1,0,48,640.2666399999998,876250.3102000001
1,0,48,6.231363199999919,655565.1905440004
1,0,48,0,0
1,0,48,0,0
1,0,48,0,0
1,0,48,2.0,17526.860684799998
1,0,48,4.0,633973.4099999998
1,0,48,651.9286400000002,624837.0665999998
1,0,48,836.071472,775790.9503200001
1,0,48,0,0
1,0,48,0,0
1,0,48,150.38235999999998,561468.64468
1,0,48,0,0
1,0,48,0,0
1,0,48,0,0
1,0,48,614.90416,251904.11915199953
1,0,48,0,0
1,0,48,0,0
1,0,48,0,0
1,0,48,193.66938879999998,259.85182400000076
1,0,48,11.06248800000003,609949.1774672002
1,0,48,688.57412,17550.9852544
1,0,48,438.382336,206666.24127999973
1,0,48,648.849632,558268.69248
1,0,48,614.3686,758061.8354752
1,0,48,0,0
1,0,48,0,0
1,0,48,0,0
1,0,48,0,0
1,0,48,0,0
1,0,48,561.6753823999998,1013168.52096
1,0,48,689.2053776,876235.6378
1,0,48,0,0
1,0,48,0,0
1,0,48,0,0
1,0,48,0,0
1,0,48,0,184.43659199999965
1,0,48,0,0
1,0,48,291.992176,0
1,0,48,0,0
1,0,48,723.393376,17590.645808
1,0,48,593.49172,926777.9768
1,0,48,17.004929599999997,618965.1362999999
1,0,48,0,16317.660772000001
1,0,48,0,0
1,0,48,0,0
1,0,48,0,0
1,0,48,0,0
1,0,48,0,0
1,0,48,0,0
1,0,48,152.44105599999995,763701.7506495999
1,0,48,683.7612519999999,780378.8332296002
1,0,48,618.769024,742872.3689879993
1,0,48,0,0
1,0,48,0,0
1,0,48,593.4297280000001,212155.49913999997
1,0,48,15.0,0
1,0,48,31.92167999999998,10184.701568
1,0,48,0,0
1,0,48,255.9655935999992,786820.0737279998
1,0,48,724.0,762072.985936
1,0,48,0,0
1,0,48,0,0
1,0,48,566.8652047999997,186653.96490400002
1,0,48,0,0
1,0,48,0,0
1,0,48,1.0,17612.055984
1,0,48,142.6774000000005,40525.51997439993
1,0,48,4.1869927999999845,247492.59640000013
1,0,48,0,0
1,0,48,2.0,0
1,0,48,430.2493239999999,17597.593495999998
1,0,48,15.0,17536.76176
1,0,48,0,0
1,0,48,0,0
1,0,48,0,0
1,0,48,0,0
1,0,48,0,0
1,0,48,0,0
1,0,48,0,0
1,0,48,0,0
1,0,48,0,0
1,0,48,0,0
1,0,48,0,0
1,0,48,9.962565600000033,0
1,0,48,0,0
1,0,48,0,0
1,0,48,0,0
1,0,48,508.98683600000004,456870.78574399906
1,0,48,148.0,66.0
1,0,48,0,0
1,0,48,215.77804959999963,0
1,0,48,0,0
1,0,48,0,0
1,0,48,0,0
1,0,48,0,0
1,0,48,0,126.93474719999989
1,0,48,0,0
1,0,48,0,0
1,0,48,0,0
1,0,48,0,0
1,0,48,0,0
1,0,48,0,0
1,0,48,0,0
1,0,48,0,6234.398976
1,0,48,0,0
1,0,48,0,0
1,0,48,0,0
1,0,48,0,0
1,0,48,0,0
1,0,48,0,0
1,0,48,16.0,0
1,0,48,568.207424,1059100.6384383999
1,0,48,29.49261600000017,190603.058176
1,0,48,0,0
1,0,48,0,0
1,0,48,537.2989472000003,6143.13331199999
1,0,48,160.64430399999978,398017.65512000024
1,0,48,2.0,771679.6844088001
1,0,48,186.5904399999998,758825.10928
1,0,48,4.761785599999996,855435.7533039995
1,0,48,858.7367104,738412.1904959998
1,0,48,688.0,779451.2014080001
1,0,48,804.7513840000001,68.083724
1,0,48,856.867552,1110391.4128208004
1,0,48,351.30244800000173,37404.36371199999
1,0,48,878.4044719999999,876255.1318000001
1,0,48,724.0,558321.5016
1,0,48,615.0,115293.64441599869
1,0,48,722.198992,729755.8154880002
1,0,48,723.185968,485981.8378
1,0,48,572.01296,774513.6104640001
1,0,48,722.5768479999999,1035973.2362240002
1,0,48,17.0,804060.8464192
1,0,48,514.0,793620.3993664001
1,0,48,856.981216,1070870.7899520001
1,0,48,509.21069600000015,1024856.0449039999
1,0,48,813.4404000000001,220860.6101920003
1,0,48,661.121216,773396.134176
1,0,48,761.1848960000018,350.0
1,0,48,688.86344,763663.3128160001
1,0,48,811.0816,1083728.781
1,0,48,686.0596000000002,533216.373216
1,0,48,630.5068720000002,912334.4215599999
1,0,48,865.5430959999999,770492.9942464
1,0,48,717.0830880000002,350.0
1,0,48,172.911808,1026816.9774800001
1,0,48,615.0,17645.6850816
1,0,48,613.9415200000001,916340.3565599999
1,0,48,513.8072672000001,915446.87736
1,0,48,468.49983999999927,869338.71112
1,0,48,838.8870823999999,757950.817456
1,0,48,622.028488,761690.502256
1,0,48,710.8428960000001,16393.417516000038
1,0,48,429.05979999999977,547859.4547744
1,0,48,600.0,17583.179888
1,0,48,648.1775839999998,665436.40972
1,0,48,821.924192,561427.7208400001
1,0,48,438.10857280000005,795297.2805759999
1,0,48,529.8657152,1036751.6732671998
1,0,48,837.0822367999999,764685.2753919999
1,0,48,596.40556,9077.477236799978
1,0,48,138.484,352300.2793599999
1,0,48,610.4630799999999,878340.997128
1,0,48,648.237056,1059960.171088
1,0,48,2.0,764028.1730847999
1,0,48,806.6645440000001,1099765.3682000004
1,0,48,868.9635231999996,855227.0416624004
1,0,48,834.9443919999999,1119928.1808439996
1,0,48,709.1924639999999,184165.849816
1,0,48,0,0
1,0,48,821.1238400000001,0
1,0,48,47.78987999999998,555014.553912
1,0,48,0,0
1,0,48,0,0
1,0,48,0,0
1,0,48,0,0
1,0,48,0,0
1,0,48,191.41427199999998,17585.073296
1,0,48,0,0
1,0,48,0,0
1,0,48,836.0082560000001,1056250.4441344
1,0,48,0,510357.2472960001
1,0,48,0,0
1,0,48,406.4926720000002,0
1,0,48,0,0
1,0,48,0,0
1,0,48,0,5874.137087999994
1,0,48,0,0
1,0,48,0,0
1,0,48,0,0
1,0,48,547.6923487999996,1082179.3002000002
1,0,48,0,0
1,0,48,0,0
1,0,48,0,0
1,0,48,0,0
1,0,48,0,0
1,0,48,0,0
1,0,48,0,0
1,0,48,0,0
1,0,48,676.9840000000002,66.20230399999997
1,0,48,833.4574399999999,8320.716724799993
1,0,48,0,0
1,0,48,0,0
1,0,48,434.355184,771378.8319999999
1,0,48,2.0,10194.7184
1,0,48,0,0
1,0,48,0,0
1,0,48,33.35500800000008,365309.2956800004
1,0,48,0,1036340.055872
1,0,48,0,0
1,0,48,0,0
1,0,48,542.279864,757782.220648
1,0,48,0,0
1,0,48,0,0
1,0,48,0,0
1,0,48,401.47881520000004,799029.7492480001
1,0,48,16.0,164.11065599999995
1,0,48,0,0
1,0,48,0,0
1,0,48,517.5165760000002,363543.3916639999
1,0,48,199.82425599999988,1021002.5940479998
1,0,48,0,0
1,0,48,0,0
1,0,48,41.10879599999973,190638.4311808
1,0,48,0,17665.34464
1,0,48,0,0
1,0,48,0,0
1,0,48,477.62728000000027,359934.92504
1,0,48,818.8066160000001,356445.66254079994
1,0,48,0,0
1,0,48,0,0
1,0,48,0,159467.387799999
1,0,48,0,0
1,0,48,0,0
1,0,48,0,0
1,0,48,190.75321600000007,47221.80755200003
1,0,48,0,0
1,0,48,0,0
1,0,48,0,0
1,0,48,594.7450840000001,758904.9856672
1,0,48,783.918784,792555.680032
1,0,48,1.0,724640.6475839991
1,0,48,0,0
1,0,48,0,0
1,0,48,0,0
1,0,48,6.753439999999955,0
1,0,48,2.0,213587.875432
1,0,48,465.6740799999998,827044.4734800005
1,0,48,754.0475839999999,193406.29599999965
1,0,48,0,66.0
1,0,48,0,0
1,0,48,561.207872,689277.4412799999
1,0,48,0,0
1,0,48,0,0
1,0,48,0,0
1,0,48,435.00975999999997,352639.52031999995
1,0,48,0,0
1,0,48,0,0
1,0,48,0,0
1,0,48,436.86515199999997,0
1,0,48,457.3571200000001,361243.8501200001
1,0,48,623.954824,0
1,0,48,615.0,494809.36270800035
1,0,48,723.77236,168.46498080000006
1,0,48,622.5728008,880425.3696640001
1,0,48,0,0
1,0,48,0,0
1,0,48,0,0
1,0,48,0,0
1,0,48,0,0
1,0,48,434.83844799999997,765310.4374143999
1,0,48,751.4086400000001,490019.82309600036
1,0,48,0,0
1,0,48,0,0
1,0,48,0,0
1,0,48,0,0
1,0,48,16.0,45541.68231999994
1,0,48,0,0
1,0,48,16.0,66.0
1,0,48,0,0
1,0,48,624.9112672,753962.196096
1,0,48,722.2810000000001,198915.8560959997
1,0,48,2.0,591507.6980048008
1,0,48,0,390003.15872
1,0,48,0,0
1,0,48,0,0
1,0,48,0,0
1,0,48,0,0
1,0,48,0,0
1,0,48,0,0
1,0,48,15.435047199999985,795247.926592
1,0,48,556.6051648,865341.9921999999
1,0,48,323.6446920000001,756697.457664
1,0,48,0,0
1,0,48,0,0
1,0,48,450.7508800000003,557888.84028
1,0,48,439.49925759999985,45716.22428799974
1,0,48,586.1879799999999,2663.2414896000087
1,0,48,0,0
1,0,48,412.52972799999975,17571.792908800002
1,0,48,705.4308959999998,848003.8404079999
1,0,48,0,0
1,0,48,0,0
1,0,48,724.0,759155.334112
1,0,48,0,0
1,0,48,0,0
1,0,48,150.72191200000012,69.0
1,0,48,0,17604.27216
1,0,48,436.075744,560795.2189479999
1,0,48,0,0
1,0,48,0,68.495
1,0,48,544.7532800000001,356359.9099647999
1,0,48,1.923575200000002,11862.688916799969
1,0,48,0,0
1,0,48,0,0
1,0,48,0,0
1,0,48,0,0
1,0,48,0,0
1,0,48,0,0
1,0,48,0,0
1,0,48,0,0
1,0,48,0,0
1,0,48,0,0
1,0,48,0,0
1,0,48,1.0,0
1,0,48,0,0
1,0,48,0,0
1,0,48,0,0
1,0,48,188.47407999999993,0
1,0,48,16.0,3048.4537728000005
1,0,48,0,0
1,0,48,28.580519999999893,0
1,0,48,0,0
1,0,48,0,0
1,0,48,0,0
1,0,48,0,0
1,0,48,146.21019999999976,66.0
1,0,48,0,0
1,0,48,0,0
1,0,48,0,0
1,0,48,0,0
1,0,48,0,0
1,0,48,0,0
1,0,48,0,0
1,0,48,0,0
1,0,48,0,0
1,0,48,0,0
1,0,48,0,0
1,0,48,0,0
1,0,48,0,0
1,0,48,0,0
1,0,48,9.896231999999998,66.0
1,0,48,626.4596512000002,913719.2602720001
1,0,48,801.791144,17622.060672
1,0,48,0,0
1,0,48,0,0
1,0,48,597.05128,753752.9836800001
1,0,48,615.4755520000001,794248.5880192
1,0,48,552.856808,802176.6828351999
1,0,48,4.0,650558.3955040005
1,0,48,2.0,867825.9278679998
1,0,48,876.9645439999999,796366.83696
1,0,48,629.6220976,786427.171456
1,0,48,801.6379136,917814.9705599998
1,0,48,903.1376640000001,1103314.6864879995
1,0,48,265.783312000001,30126.139999999825
1,0,48,879.6069488,1057527.939328
1,0,48,835.0126576,1000113.1491247991
1,0,48,532.4443519999998,364297.577984
1,0,48,821.9814800000001,360675.3842
1,0,48,840.068336,703876.3456599999
1,0,48,801.5875447999999,1090007.3844416
1,0,48,840.7391551999999,1058951.168512
1,0,48,688.7081312,877888.2196799999
1,0,48,160.4276559999998,1008137.7707519999
1,0,48,876.0014504000001,1055979.475072
1,0,48,680.7414999999999,1051743.6115359997
1,0,48,855.694528,876246.1366000001
1,0,48,628.5925311999999,782055.3551976001
1,0,48,746.5854271999995,429248.36648000055
1,0,48,692.2818527999998,1079711.2032959997
1,0,48,623.4209776,1197473.1798495993
1,0,48,824.118152,787467.9167104
1,0,48,631.6137760000001,934976.50472
1,0,48,858.8949183999999,1072128.2355120003
1,0,48,680.5396119999999,4226.0568
1,0,48,269.97575200000034,921181.7445359998
1,0,48,723.491416,66.0
1,0,48,834.8038048,1083689.2304399998
1,0,48,17.665520000000043,1006187.5883519996
1,0,48,17.0,1013315.479296
1,0,48,840.137504,691394.1427552005
1,0,48,531.057344,1032229.2479744001
1,0,48,656.1331136,0
1,0,48,724.0,200750.89312000052
1,0,48,688.0,367.5684319999999
1,0,48,811.2299439999998,926372.60144
1,0,48,851.20712,213252.692116
1,0,48,285.1993120000001,551121.4081287999
1,0,48,760.1871104000018,1051614.249232
1,0,48,841.48496,1060136.156944
1,0,48,676.73092,359771.7656312001
1,0,48,16.0,765881.692096
1,0,48,615.0,1083297.8551200002
1,0,48,520.8988191999999,911289.5276559999
1,0,48,663.8788352000001,794974.6886079999
1,0,48,807.743272,1060810.597324
1,0,48,839.81432,792823.2131200001
1,0,48,902.5035359999999,1132295.022728
1,0,48,787.2357376,1022418.5952
1,0,48,0,0
1,0,48,879.214232,407060.0652799999
1,0,48,505.79460799999976,605538.365948
1,0,48,0,0
1,0,48,0,0
1,0,48,0,0
1,0,48,0,0
1,0,48,0,0
1,0,48,575.7187999999999,176174.40280000007
1,0,48,0,0
1,0,48,0,0
1,0,48,861.5917792000004,757837.0270720001
1,0,48,571.463432,379118.52128000057
1,0,48,0,0
1,0,48,34.22250719999991,0
1,0,48,0,0
1,0,48,0,0
1,0,48,406.25636799999984,66.0
1,0,48,0,0
1,0,48,0,0
1,0,48,0,0
1,0,48,674.0780800000002,1085213.1786
1,0,48,202.5606399999997,66.0
1,0,48,0,0
1,0,48,9.0,0
1,0,48,0,0
1,0,48,0,0
1,0,48,0,0
1,0,48,0,0
1,0,48,0,0
1,0,48,555.9093256000001,684656.2164640003
1,0,48,838.0285040000001,708435.1166719999
1,0,48,0,0
1,0,48,0,0
1,0,48,150.94187200000002,545653.7682784
1,0,48,151.0,158.0
1,0,48,0,0
1,0,48,0,0
1,0,48,633.4467567999998,742022.2373759993
1,0,48,0,1031969.9415488
1,0,48,0,0
1,0,48,0,0
1,0,48,573.2745055999999,704963.3010559999
1,0,48,0,0
1,0,48,0,0
1,0,48,0,0
1,0,48,16.742817599999995,858660.1492480002
1,0,48,1.0,67.53276800000003
1,0,48,0,0
1,0,48,0,0
1,0,48,626.735584,556619.915544
1,0,48,543.3674239999998,1022402.18784
1,0,48,0,0
1,0,48,0,0
1,0,48,648.5721007999999,876043.2915759997
1,0,48,449.41503999999986,350.0
1,0,48,0,0
1,0,48,0,0
1,0,48,32.833811999999824,51301.05913600006
1,0,48,901.78416,474314.10896000033
1,0,48,0,0
1,0,48,0,207.24322319999993
1,0,48,35.20303199999998,755372.3132159999
1,0,48,0,0
1,0,48,0,0
1,0,48,0,0
1,0,48,681.5309440000002,610198.9922239998
1,0,48,0,0
1,0,48,0,0
1,0,48,0,0
1,0,48,286.5902080000003,854249.1266320001
1,0,48,878.7644960000001,993317.2717759995
1,0,48,2.0,940106.6354240009
1,0,48,0,0
1,0,48,0,0
1,0,48,0,0
1,0,48,9.30136799999994,592831.4094800012
1,0,48,2.0,485629.6173016
1,0,48,285.1339479999999,556092.30216
1,0,48,731.1464959999994,796903.1833200001
1,0,48,0,0
1,0,48,0,0
1,0,48,3.8002240000000143,762936.949072
1,0,48,0,0
1,0,48,0,0
1,0,48,0,0
1,0,48,4.0,555409.9623912
1,0,48,0,0
1,0,48,0,0
1,0,48,0,0
1,0,48,148.54052800000005,1769.4130304000137
1,0,48,16.0,860532.6629679993
1,0,48,724.0,167.19597600000003
1,0,48,633.4703391999999,615924.5192999998
1,0,48,579.1764079999998,202.1881776000011
1,0,48,795.2836864000001,1022281.24188
1,0,48,0,0
1,0,48,0,0
1,0,48,0,0
1,0,48,0,0
1,0,48,0,0
1,0,48,684.0238000000003,1036798.4232704001
1,0,48,797.993164,1030295.272748
1,0,48,0,0
1,0,48,0,0
1,0,48,0,0
1,0,48,0,0
1,0,48,0,17543.57512
1,0,48,0,0
1,0,48,423.39659680000017,182220.45733599996
1,0,48,0,0
1,0,48,688.0,750622.2149952002
1,0,48,687.4987359999999,1095155.108912
1,0,48,707.2232640000002,686511.9085360008
1,0,48,0,66.0
1,0,48,0,0
1,0,48,0,0
1,0,48,0,0
1,0,48,0,0
1,0,48,0,0
1,0,48,0,0
1,0,48,17.588419999999985,892391.2766079997
1,0,48,647.24,797393.862256
1,0,48,798.144076,935256.40616
1,0,48,0,0
1,0,48,0,0
1,0,48,698.162928,555157.8210623998
1,0,48,502.36354400000056,97.8591600000006
1,0,48,285.4995496,391.8688928000006
1,0,48,0,0
1,0,48,437.46188800000004,907742.9944960001
1,0,48,842.03936,1022315.6539200001
1,0,48,0,0
1,0,48,0,0
1,0,48,432.1332640000002,748143.5784480002
1,0,48,0,0
1,0,48,0,0
1,0,48,2.0,17640.468864
1,0,48,248.71073200000077,353357.5803520001
1,0,48,17.0,258296.69807199968
1,0,48,0,0
1,0,48,441.6087152000002,0
1,0,48,560.0210079999999,683218.4751200003
1,0,48,2.0,263.8959679999998
1,0,48,0,0
1,0,48,0,0
1,0,48,0,0
1,0,48,0,0
1,0,48,0,0
1,0,48,0,0
1,0,48,0,0
1,0,48,0,0
1,0,48,0,0
1,0,48,0,0
1,0,48,0,0
1,0,48,0,0
1,0,48,0,0
1,0,48,0,0
1,0,48,0,0
1,0,48,151.0,0
1,0,48,492.7786959999999,0
1,0,48,0,0
1,0,48,456.38204800000017,0
1,0,48,0,0
1,0,48,0,0
1,0,48,0,0
1,0,48,0,0
1,0,48,0,158.0
1,0,48,0,0
1,0,48,0,0
1,0,48,0,0
1,0,48,0,0
1,0,48,0,0
1,0,48,0,0
1,0,48,0,0
1,0,48,0,562568.7994
1,0,48,0,0
1,0,48,0,0
1,0,48,0,0
1,0,48,0,0
1,0,48,0,0
1,0,48,0,0
1,0,48,522.8560832,0
1,0,48,724.0,814208.5238999997
1,0,48,664.2446719999998,0
1,0,48,0,0
1,0,48,0,0
1,0,48,74.85610880000138,665178.43264
1,0,48,316.75437120000015,708034.6736000001
1,0,48,651.8032735999999,883309.3325439999
1,0,48,33.837515999999965,498584.5205999998
1,0,48,0,799265.504512
1,0,48,823.3224560000001,1032976.418432
1,0,48,623.8038976,737974.460016
1,0,48,806.6548,863821.1719456001
1,0,48,910.2040999999997,1231841.3057519998
1,0,48,1.0345360000000028,10185.7891328
1,0,48,882.5887808000001,1056946.270336
1,0,48,619.87648,1023304.94816
1,0,48,514.0,819934.6854239993
1,0,48,724.0,485977.48508799996
1,0,48,835.7671072,1022498.42232
1,0,48,840.3176960000001,1069786.005216
1,0,48,653.718656,1132121.37176
1,0,48,756.7725440000006,665372.64604
1,0,48,813.2821199999998,1077478.4816160002
1,0,48,920.6762959999984,1037912.603264
1,0,48,708.2765279999998,1045250.5378480003
1,0,48,728.4800000000007,797462.3824
1,0,48,653.77376,796525.86264
1,0,48,851.1901520000001,234659.17926400003
1,0,48,830.8631600000001,1137003.4210559998
1,0,48,849.3596912,1186454.3952639997
1,0,48,881.830496,846104.4036655999
1,0,48,622.4086336,1092189.45176
1,0,48,840.4653248,911588.3403519997
1,0,48,622.223176,236.32265599999937
1,0,48,556.804984,1048648.759024
1,0,48,628.7900559999999,40454.44849599989
1,0,48,724.0,917356.0358399999
1,0,48,398.28602399999994,1112725.0368800005
1,0,48,479.16725200000036,798031.4525055998
1,0,48,709.208928,913416.1961056001
1,0,48,442.577576,843211.4032639998
1,0,48,810.472096,0
1,0,48,688.0,774637.3942079999
1,0,48,837.738236,583252.61264
1,0,48,801.356816,1048135.7390608003
1,0,48,839.0365280000001,549710.2382416
1,0,48,477.67726000000044,193117.75825599977
1,0,48,722.6425672,1022457.82188
1,0,48,855.6581439999999,1200412.5278080003
1,0,48,814.9321199999999,319866.68336799956
1,0,48,723.958792,862266.8516704001
1,0,48,553.086704,1113298.579256
1,0,48,516.3718239999998,914726.9106039999
1,0,48,526.4506975999999,928074.462752
1,0,48,717.5534879999999,1092983.00372
1,0,48,834.336544,1106960.586608
1,0,48,881.5245679999999,1131359.53172
1,0,48,662.817536,926060.7742399999
1,0,48,0,0
1,0,48,900.9007296,216493.88358400014
1,0,48,514.0,403131.4961600002
1,0,48,0,0
1,0,48,0,0
1,0,48,0,0
1,0,48,0,0
1,0,48,0,0
1,0,48,354.0271439999997,703606.430596
1,0,48,0,0
1,0,48,0,0
1,0,48,891.141912,797204.9222520001
1,0,48,2.0,126006.67732479873
1,0,48,0,0
1,0,48,2.0,0
1,0,48,0,0
1,0,48,0,0
1,0,48,415.2602751999998,10184.408576000002
1,0,48,0,0
1,0,48,0,0
1,0,48,0,0
1,0,48,227.2398736000004,1125740.2023439996
1,0,48,9.782976000000048,158.0
1,0,48,0,0
1,0,48,0,0
1,0,48,0,0
1,0,48,0,0
1,0,48,0,0
1,0,48,0,0
1,0,48,0,0
1,0,48,789.0127359999997,554931.9497040001
1,0,48,724.0,796345.0431
1,0,48,0,0
1,0,48,0,0
1,0,48,9.0,1080998.433408
1,0,48,0,17674.821532
1,0,48,0,0
1,0,48,0,0
1,0,48,615.0,725554.6765439997
1,0,48,0,1117167.7057999999
1,0,48,0,0
1,0,48,0,0
1,0,48,472.06647999999996,754103.2872959999
1,0,48,0,0
1,0,48,0,0
1,0,48,0,0
1,0,48,419.2986447999999,770669.1199840002
1,0,48,4.0,0
1,0,48,0,0
1,0,48,0,0
1,0,48,600.0,380523.3766400006
1,0,48,435.0737152,1049886.84064
1,0,48,0,0
1,0,48,0,66.0
1,0,48,654.5992640000001,789101.6442880001
1,0,48,162.18776799999966,0
1,0,48,0,0
1,0,48,0,0
1,0,48,148.0,116327.00070399998
1,0,48,881.923736,771701.6475456001
1,0,48,0,0
1,0,48,0,0
1,0,48,16.584047999999996,330810.4449759999
1,0,48,0,0
1,0,48,0,0
1,0,48,0,0
1,0,48,514.0,1042891.7849679997
1,0,48,0,0
1,0,48,0,0
1,0,48,0,0
1,0,48,607.4808400000001,1062230.952484
1,0,48,885.4672440000003,487802.94144000014
1,0,48,44.74334400000035,843683.6990719996
1,0,48,0,0
1,0,48,0,0
1,0,48,0,0
1,0,48,123.67120000000003,0
1,0,48,133.48180000000016,232.0
1,0,48,407.1728560000001,527337.8123280003
1,0,48,681.8627200000003,755157.1630464001
1,0,48,0,0
1,0,48,0,0
1,0,48,2.0,581408.0678239998
1,0,48,0,0
1,0,48,0,0
1,0,48,0,0
1,0,48,465.65175999999985,577332.4853887996
1,0,48,0,0
1,0,48,0,0
1,0,48,0,0
1,0,48,189.88164880000005,549516.4376320001
1,0,48,16.0,787891.98496
1,0,48,556.82548,407185.1141600002
1,0,48,813.33168,754237.5027839999
1,0,48,797.5991919999999,17601.277031999998
1,0,48,781.8799359999998,846503.222048
1,0,48,0,0
1,0,48,0,0
1,0,48,0,0
1,0,48,0,0
1,0,48,0,0
1,0,48,556.1708848000002,1057190.405632
1,0,48,802.7873391999999,1040735.8578944
1,0,48,0,0
1,0,48,0,0
1,0,48,0,0
1,0,48,0,0
1,0,48,17.382440000000003,349279.1352256008
1,0,48,0,0
1,0,48,225.7547679999999,190569.530752
1,0,48,0,0
1,0,48,807.6473439999999,557580.3590160001
1,0,48,802.7144680000001,1040151.5908351999
1,0,48,15.0,801360.7676799998
1,0,48,0,68.934464
1,0,48,0,0
1,0,48,0,0
1,0,48,0,0
1,0,48,0,0
1,0,48,0,0
1,0,48,0,0
1,0,48,435.96335200000004,780485.4171312002
1,0,48,654.914912,818989.0889879994
1,0,48,688.9690544,785808.3723520001
1,0,48,0,0
1,0,48,0,0
1,0,48,628.36096,849143.538992
1,0,48,296.31522719999987,66.0
1,0,48,234.04660000000018,0
1,0,48,0,0
1,0,48,577.7931199999998,779351.1219119999
1,0,48,879.3435920000002,1035092.415872
1,0,48,0,0
1,0,48,0,0
1,0,48,32.94587999999979,831288.3207599991
1,0,48,0,0
1,0,48,0,0
1,0,48,13.524931199999997,66.24747200000002
1,0,48,15.0,439558.3341919995
1,0,48,0,496481.9665199999
1,0,48,0,0
1,0,48,15.0,0
1,0,48,689.48984,873886.2392559997
1,0,48,283.1433567999999,15507.123183999922
1,0,48,0,0
1,0,48,0,0
1,0,48,0,0
1,0,48,0,0
1,0,48,0,0
1,0,48,0,0
1,0,48,0,0
1,0,48,0,0
1,0,48,0,0
1,0,48,0,0
1,0,48,0,0
1,0,48,16.0,0
1,0,48,0,0
1,0,48,0,0
1,0,48,0,0
1,0,48,394.77489600000024,0
1,0,48,102.63487039999893,584986.3792640008
1,0,48,0,0
1,0,48,21.393660000000125,0
1,0,48,0,0
1,0,48,0,0
1,0,48,0,0
1,0,48,0,0
1,0,48,2.0,0
1,0,48,0,0
1,0,48,0,0
1,0,48,0,0
1,0,48,0,0
1,0,48,0,0
1,0,48,0,0
1,0,48,0,0
1,0,48,0,185567.78649759994
1,0,48,0,0
1,0,48,0,0
1,0,48,1.0,0
1,0,48,0,0
1,0,48,0,0
1,0,48,0,0
1,0,48,11.941348799999957,66.0
1,0,48,186.60179200000022,797439.56752
1,0,48,617.0079976000002,200.89414800000048
1,0,48,0,0
1,0,48,0,0
1,0,48,56.676608000001465,184604.22901599997
1,0,48,413.3250880000003,305344.0035040012
1,0,48,148.0,796989.21828
1,0,48,206.8848928000001,265526.7701159997
1,0,48,16.0,771606.5293407999
1,0,48,724.0,934732.9668800001
1,0,48,780.8069248000002,190952.65926400005
1,0,48,622.13956,703685.2046415999
1,0,48,846.4745600000001,1084765.8567599999
1,0,48,0,17589.086096
1,0,48,868.2217792000001,866455.90168
1,0,48,655.2081919999999,1052507.4818800003
1,0,48,623.1092416,81152.38720000337
1,0,48,812.43174,190651.33035519999
1,0,48,797.1825999999998,928135.92704
1,0,48,809.1878032000001,847343.2435424
1,0,48,623.665792,1082736.0118800001
1,0,48,598.5712720000001,572629.3357039995
1,0,48,629.427664,928217.1737600002
1,0,48,845.057648,1027995.4051016
1,0,48,516.8998479999998,838589.4217472
1,0,48,724.0,857075.0730784002
1,0,48,596.1589959999999,595389.8582000001
1,0,48,715.251216,66.0
1,0,48,613.691632,1031534.1206432001
1,0,48,722.7015183999999,1081195.9520160004
1,0,48,837.668504,770723.8985920001
1,0,48,598.9366,856739.8185280005
1,0,48,876.4411567999999,847581.8200400001
1,0,48,596.94952,368.3331007999998
1,0,48,435.39088000000004,1022342.35152
1,0,48,622.320328,187792.246032
1,0,48,788.6602239999997,889734.3885952001
1,0,48,436.90739199999996,1040673.38816
1,0,48,279.8793664,874284.5543440002
1,0,48,626.298592,667271.6513648004
1,0,48,479.5237480000013,805060.7633919999
1,0,48,593.2563520000001,0
1,0,48,622.028632,231992.98263999962
1,0,48,615.0,557394.09876
1,0,48,723.822784,911203.7205399999
1,0,48,814.8993600000001,238077.81855040035
1,0,48,530.0493440000002,499444.61279999994
1,0,48,600.0,1039169.158784
1,0,48,797.9331520000001,903087.3293440003
1,0,48,723.4989424,17712.967239999998
1,0,48,522.5780480000001,47168.708176000204
1,0,48,599.6269599999998,801820.8896319999
1,0,48,286.10473600000006,1033125.6496639999
1,0,48,574.5568159999996,676033.6346000001
1,0,48,805.7245839999999,1061974.677052
1,0,48,724.0,818555.4006000003
1,0,48,857.9932479999999,1027907.691176
1,0,48,591.71944,753750.99648
1,0,48,0,0
1,0,48,836.7054823999999,68.95364000000001
1,0,48,510.4168880000001,14249.342800000013
1,0,48,0,0
1,0,48,0,0
1,0,48,0,0
1,0,48,0,0
1,0,48,0,0
1,0,48,239.82275919999992,550163.1122967999
1,0,48,0,0
1,0,48,0,0
1,0,48,628.76728,871781.650024
1,0,48,30.72666000000001,169.03238399999992
1,0,48,0,0
1,0,48,41.31513599999988,0
1,0,48,0,0
1,0,48,0,0
1,0,48,2.0,9838.740429599995
1,0,48,1.0,0
1,0,48,0,0
1,0,48,0,0
1,0,48,307.9489152000004,1091226.742976
1,0,48,2.0,0
1,0,48,0,0
1,0,48,0,0
1,0,48,0,0
1,0,48,0,0
1,0,48,0,0
1,0,48,0,0
1,0,48,0,0
1,0,48,688.0,604903.662584
1,0,48,794.088448,17570.331251199997
1,0,48,0,0
1,0,48,0,0
1,0,48,650.7594031999998,785078.1442047999
1,0,48,1.0,0
1,0,48,0,0
1,0,48,0,0
1,0,48,440.650784,258351.6326607996
1,0,48,0,927182.236448
1,0,48,0,0
1,0,48,0,0
1,0,48,514.0,802171.2116224002
1,0,48,0,0
1,0,48,0,0
1,0,48,0,0
1,0,48,435.14368,740633.5497240003
1,0,48,17.0,279686.7954239991
1,0,48,0,0
1,0,48,0,0
1,0,48,611.3665599999999,211498.8758080001
1,0,48,3.259239999999977,797028.67176
1,0,48,0,0
1,0,48,0,0
1,0,48,556.784824,706758.363008
1,0,48,1.0,66.0
1,0,48,0,0
1,0,48,0,0
1,0,48,4.0,0
1,0,48,848.5968367999999,394277.55680000084
1,0,48,0,0
1,0,48,0,310.6820560000008
1,0,48,148.14870399999998,216403.59524800009
1,0,48,0,0
1,0,48,0,0
1,0,48,0,0
1,0,48,688.0,493065.5557199999
1,0,48,0,0
1,0,48,0,0
1,0,48,0,0
1,0,48,264.6202480000003,665787.737032
1,0,48,786.1348095999997,612583.906328
1,0,48,15.0,17549.298496
1,0,48,0,0
1,0,48,0,0
1,0,48,0,0
1,0,48,1.0,3224.3437920000024
1,0,48,0,600182.913896
1,0,48,552.6617816,500828.4268799999
1,0,48,800.5349199999999,1011406.9145088
1,0,48,0,0
1,0,48,0,0
1,0,48,352.11781199999746,710905.27136
1,0,48,0,0
1,0,48,0,0
1,0,48,0,0
1,0,48,17.0,567884.0727223998
1,0,48,0,0
1,0,48,0,0
1,0,48,0,0
1,0,48,148.0,169.69254
1,0,48,16.36517759999998,715295.5379135999
1,0,48,695.9794272,66.0
1,0,48,681.2823999999998,68.12087600000001
1,0,48,748.7051839999992,17666.73964
1,0,48,708.428064,767941.7199711999
1,0,48,0,0
1,0,48,0,0
1,0,48,0,0
1,0,48,0,0
1,0,48,0,0
1,0,48,514.0,1033741.5117440001
1,0,48,722.1584680000001,786418.7583999999
1,0,48,0,0
1,0,48,0,0
1,0,48,0,0
1,0,48,0,0
1,0,48,15.0,4319.59992
1,0,48,0,0
1,0,48,15.0,0
1,0,48,0,0
1,0,48,722.481712,381918.6588799994
1,0,48,610.4272840000001,879715.1478400009
1,0,48,0,4399.640400000016
1,0,48,0,65.79297119999953
1,0,48,0,0
1,0,48,0,0
1,0,48,0,0
1,0,48,0,0
1,0,48,0,0
1,0,48,0,0
1,0,48,17.0,876241.2135999999
1,0,48,575.941448,665584.138
1,0,48,649.9114016000001,802692.409216
1,0,48,0,0
1,0,48,0,0
1,0,48,648.6239408000002,498782.0782680002
1,0,48,1.0,187938.68208
1,0,48,362.68346399999893,158.0
1,0,48,0,0
1,0,48,172.44848799999988,708660.5164160002
1,0,48,801.4580960000001,797279.391856
1,0,48,0,0
1,0,48,0,0
1,0,48,618.485692,184149.67153600007
1,0,48,0,0
1,0,48,0,0
1,0,48,2.0,17582.779664
1,0,48,1.0,176934.87185199972
1,0,48,4.0,797010.67356
1,0,48,0,0
1,0,48,1.0,158.0
1,0,48,691.6185600000001,772870.6949999998
1,0,48,4.0,11904.257295999952
1,0,48,0,0
1,0,48,0,0
1,0,48,0,0
1,0,48,0,0
1,0,48,0,0
1,0,48,0,0
1,0,48,0,0
1,0,48,0,0
1,0,48,0,0
1,0,48,0,0
1,0,48,0,0
1,0,48,1.0,66.0
1,0,48,0,0
1,0,48,0,0
1,0,48,0,0
1,0,48,17.0,134.36893440000011
1,0,48,15.0,232.0
1,0,48,0,0
1,0,48,174.3074703999998,0
1,0,48,0,0
1,0,48,0,0
1,0,48,0,0
1,0,48,0,0
1,0,48,0,66.98948000000001
1,0,48,0,0
1,0,48,0,0
1,0,48,0,0
1,0,48,0,0
1,0,48,0,0
1,0,48,0,0
1,0,48,0,0
1,0,48,0,0
1,0,48,0,0
1,0,48,0,0
1,0,48,0,0
1,0,48,0,0
1,0,48,0,0
1,0,48,0,0
1,0,48,145.04715999999962,316.6999359999994
1,0,48,514.0,934015.798064
1,0,48,604.1796400000001,0
1,0,48,0,0
1,0,48,0,0
1,0,48,440.47092800000013,184296.319816
1,0,48,436.21168,13548.796458400026
1,0,48,436.490848,776450.4267552001
1,0,48,17.221222399999988,794060.8571392
1,0,48,2.0,626183.0203800001
1,0,48,799.9830039999999,852236.6047360003
1,0,48,546.76424,613787.8970672003
1,0,48,644.5985799999996,17827.913324799996
1,0,48,884.1686207999999,1121159.119964
1,0,48,530.7611072000002,17600.1159648
1,0,48,888.7210848000001,876251.0368000001
1,0,48,518.9592928000001,767285.5445440002
1,0,48,804.2414368000001,702949.9397872002
1,0,48,623.2917184,320657.29615839955
1,0,48,845.2975519999998,841158.3138560001
1,0,48,643.3366768000003,532501.7630639998
1,0,48,715.207872,1060000.0696864
1,0,48,629.5437039999999,729064.3537920002
1,0,48,743.8580480000007,925797.2945600001
1,0,48,836.33366,1086257.88912
1,0,48,553.0245896,847305.953912
1,0,48,802.39756,565620.6808375996
1,0,48,224.91841600000055,876023.4982000004
1,0,48,606.117424,243.36561920000122
1,0,48,616.596112,876550.924608
1,0,48,688.0,1064241.3757199997
1,0,48,583.4087120000002,558022.088304
1,0,48,184.538632,1030133.2529839999
1,0,48,723.17848,876242.14042
1,0,48,788.4289024,17617.740240000003
1,0,48,178.97166399999995,1030602.019844
1,0,48,715.697424,17673.885136
1,0,48,656.598752,1022353.52952
1,0,48,514.0,846430.34792
1,0,48,16.0,921507.3542399999
1,0,48,722.7156520000001,866311.8676239997
1,0,48,688.0,500058.41675999993
1,0,48,702.0500640000002,3979.147464000001
1,0,48,688.05824,772015.1521920001
1,0,48,611.32816,0
1,0,48,642.8033799999996,928637.21072
1,0,48,813.838008,1018.6503680000274
1,0,48,551.652824,17798.877352
1,0,48,615.0,1055016.1966047997
1,0,48,831.71072,806023.9786239999
1,0,48,794.7183615999998,183322.6062640006
1,0,48,230.21131120000072,787987.479424
1,0,48,516.7022296,779492.1319416001
1,0,48,486.0125800000009,1089226.8384512
1,0,48,171.30589599999993,919730.500368
1,0,48,624.2971839999999,1131639.297728
1,0,48,836.7482,844884.4547839998
1,0,48,840.496112,1012277.4676991999
1,0,48,625.6526080000001,554270.0777616
1,0,48,0,66.0
1,0,48,837.0078608,66.0
1,0,48,15.0,358421.62677199993
1,0,48,0,0
1,0,48,0,0
1,0,48,0,0
1,0,48,0,0
1,0,48,0,0
1,0,48,4.629764000000023,78913.85766400439
1,0,48,0,0
1,0,48,0,0
1,0,48,828.9569600000001,786184.322944
1,0,48,1.0,190670.91136
1,0,48,0,0
1,0,48,166.09583680000011,0
1,0,48,0,0
1,0,48,0,0
1,0,48,1.0,1457.5294207999932
1,0,48,0,0
1,0,48,0,0
1,0,48,0,0
1,0,48,687.0820000000002,1032791.9457536
1,0,48,15.0,66.0
1,0,48,0,0
1,0,48,1.0,0
1,0,48,0,0
1,0,48,0,0
1,0,48,1.0,0
1,0,48,0,0
1,0,48,0,0
1,0,48,210.90001599999977,17806.2933232
1,0,48,735.8765695999987,142.48401600000017
1,0,48,0,0
1,0,48,0,0
1,0,48,277.96351359999994,351680.31650559994
1,0,48,0,67.99887679999998
1,0,48,0,0
1,0,48,0,68.25819200000001
1,0,48,180.74415999999994,272479.0360080005
1,0,48,0,926979.405728
1,0,48,0,0
1,0,48,0,0
1,0,48,651.2686880000001,263175.28451199975
1,0,48,0,0
1,0,48,0,0
1,0,48,0,0
1,0,48,0,665167.49296
1,0,48,433.41438400000004,235754.0000799996
1,0,48,0,0
1,0,48,0,0
1,0,48,351.21486239999933,528155.3095440002
1,0,48,3.357025599999986,964341.1729376001
1,0,48,0,0
1,0,48,0,79.77700799999963
1,0,48,219.50747200000018,665244.387664
1,0,48,0,17608.407648
1,0,48,0,0
1,0,48,0,0
1,0,48,2.0,17713.488664000004
1,0,48,867.9068848000001,560098.89328
1,0,48,0,0
1,0,48,0,0
1,0,48,281.8893039999997,263.5490240000008
1,0,48,0,0
1,0,48,0,0
1,0,48,0,0
1,0,48,477.50212,354546.3372160001
1,0,48,0,0
1,0,48,0,0
1,0,48,0,0
1,0,48,461.34764800000005,794608.7128959999
1,0,48,765.2410880000014,764558.4782080001
1,0,48,514.0,663837.3675999998
1,0,48,0,0
1,0,48,0,0
1,0,48,0,0
1,0,48,400.00640799999996,0
1,0,48,10.678872000000041,218.08019040000016
1,0,48,208.70828799999964,790507.7815744
1,0,48,628.410448,795003.9427839998
1,0,48,0,0
1,0,48,0,0
1,0,48,326.53850159999894,870578.0850640005
1,0,48,0,0
1,0,48,0,0
1,0,48,0,0
1,0,48,17.0,793669.7400832002
1,0,48,0,0
1,0,48,0,0
1,0,48,0,0
1,0,48,240.43533760000028,350.0
1,0,48,4.297424000000007,31557.52688000012
1,0,48,607.2712000000001,308817.73161759943
1,0,48,726.926336,739197.9412992003
1,0,48,718.7823743999996,17614.330584
1,0,48,688.0,772367.77026
1,0,48,0,0
1,0,48,0,0
1,0,48,0,0
1,0,48,0,0
1,0,48,0,0
1,0,48,652.0715888,772544.405928
1,0,48,688.0,821442.2918400003
1,0,48,0,0
1,0,48,0,0
1,0,48,0,0
1,0,48,0,0
1,0,48,2.0,148.43844000000016
1,0,48,0,0
1,0,48,3.9519520000000057,0
1,0,48,0,0
1,0,48,565.3203103999999,703875.25468
1,0,48,797.6282319999999,797221.152708
1,0,48,181.03218400000026,207447.27671200005
1,0,48,0,232.0
1,0,48,0,0
1,0,48,0,0
1,0,48,0,0
1,0,48,0,0
1,0,48,0,0
1,0,48,0,0
1,0,48,2.0,764907.5412160001
1,0,48,615.0,798098.3515839999
1,0,48,541.870544,911432.625928
1,0,48,0,0
1,0,48,0,0
1,0,48,588.3646,562334.543068
1,0,48,595.3738,330977.5838319991
1,0,48,630.8816199999997,0
1,0,48,0,0
1,0,48,151.0,740432.6363520002
1,0,48,688.808096,878567.944476
1,0,48,0,0
1,0,48,0,0
1,0,48,598.3274799999999,773439.2588352
1,0,48,0,0
1,0,48,0,0
1,0,48,0,0
1,0,48,0,17467.1029888
1,0,48,148.47803199999993,2930.193888000009
1,0,48,0,0
1,0,48,1.0,232.0
1,0,48,587.14744,555621.488712
1,0,48,15.0,369.6862400000008
1,0,48,0,0
1,0,48,0,0
1,0,48,0,0
1,0,48,0,0
1,0,48,0,0
1,0,48,0,0
1,0,48,0,0
1,0,48,0,0
1,0,48,0,0
1,0,48,0,0
1,0,48,0,0
1,0,48,242.02505439999973,0
1,0,48,0,0
1,0,48,0,0
1,0,48,0,0
1,0,48,16.562736,0
1,0,48,1.4654080000000107,158.0
1,0,48,0,0
1,0,48,0,0
1,0,48,0,0
1,0,48,0,0
1,0,48,0,0
1,0,48,0,0
1,0,48,2.0,0
1,0,48,0,0
1,0,48,0,0
1,0,48,0,0
1,0,48,0,0
1,0,48,0,0
1,0,48,0,0
1,0,48,0,0
1,0,48,0,67.60119679999997
1,0,48,0,0
1,0,48,0,0
1,0,48,0,0
1,0,48,0,0
1,0,48,0,0
1,0,48,0,0
1,0,48,1.0,0
1,0,48,184.7474560000002,781049.9903975998
1,0,48,601.4675199999999,334.6441600000003
1,0,48,0,0
1,0,48,0,0
1,0,48,198.94796799999995,40536.56747200008
1,0,48,2.2800320000000056,231220.74829600065
1,0,48,148.0,842303.8227199999
1,0,48,2.0,555835.02288
1,0,48,1.0,771478.1935360002
1,0,48,551.5987520000001,879016.1326719997
1,0,48,801.153992,232.0
1,0,48,722.223448,232.0
1,0,48,861.0816160000004,1122555.3489439995
1,0,48,151.0,359234.4522896001
1,0,48,801.0795128,782594.3373599999
1,0,48,335.19283200000103,772329.0941280001
1,0,48,149.59786960000005,0
1,0,48,687.5266000000003,17519.13376
1,0,48,794.6712063999998,632004.1157999999
1,0,48,684.7625199999999,574996.1205679992
1,0,48,723.1986784000001,945752.0302447979
1,0,48,4.854151999999999,484263.75468799926
1,0,48,723.451096,788624.7872512
1,0,48,724.0,1022475.80712
1,0,48,518.0282199999999,797335.354048
1,0,48,637.2847312000001,757305.388144
1,0,48,712.7770463999999,758428.4617312
1,0,48,652.7606720000001,203432.82040000014
1,0,48,688.0,913596.2614312001
1,0,48,815.7941520000002,1062000.3363616
1,0,48,653.316608,605685.0786559999
1,0,48,615.0,876247.2868
1,0,48,684.1404399999994,637361.8445999996
1,0,48,679.3285359999999,0
1,0,48,439.51757440000006,792131.1030975999
1,0,48,407.7563368,41386.113232000025
1,0,48,565.6559744,856238.313832
1,0,48,439.811056,1050849.5352208004
1,0,48,35.87144399999997,665198.65912
1,0,48,688.621376,756247.237632
1,0,48,591.3417519999998,201734.54451999994
1,0,48,621.3090159999999,0
1,0,48,615.0,313447.93794399855
1,0,48,632.044624,41114.349328000055
1,0,48,546.9158720000004,334732.8412479988
1,0,48,703.2525792000001,490989.1637760004
1,0,48,141.9751000000001,202286.45521599983
1,0,48,590.693164,811441.2019199997
1,0,48,628.183456,720528.5355456003
1,0,48,615.0,0
1,0,48,439.95356800000013,555522.623232
1,0,48,683.6503000000002,785723.300032
1,0,48,15.0,776207.793504
1,0,48,16.0,558290.96928
1,0,48,702.0217680000001,1032847.9047679999
1,0,48,803.8101999999999,878052.4106999999
1,0,48,809.2266448000001,1022837.7741200001
1,0,48,590.8849599999999,674988.3885487998
1,0,48,0,0
1,0,48,836.989184,0
1,0,48,2.0,609189.7069520003
1,0,48,0,0
1,0,48,0,0
1,0,48,0,69.0
1,0,48,0,0
1,0,48,0,0
1,0,48,161.3713599999997,51.74796000000072
1,0,48,0,0
1,0,48,0,0
1,0,48,688.0,449933.56777279836
1,0,48,2.0,287.05474399999997
1,0,48,0,0
1,0,48,468.4771600000008,0
1,0,48,0,0
1,0,48,0,0
1,0,48,0,0
1,0,48,0,0
1,0,48,0,0
1,0,48,0,0
1,0,48,212.35961919999988,914669.6194480001
1,0,48,1.0,0
1,0,48,0,0
1,0,48,0,0
1,0,48,0,0
1,0,48,0,0
1,0,48,1.0,0
1,0,48,0,0
1,0,48,0,0
1,0,48,723.432712,223820.15421760018
1,0,48,655.4315359999999,18676.439167999986
1,0,48,0,0
1,0,48,0,0
1,0,48,149.6837872,526180.4378447996
1,0,48,1.0,0
1,0,48,0,0
1,0,48,0,0
1,0,48,555.4979440000002,497403.1995360001
1,0,48,16.773559199999994,803550.5442879999
1,0,48,0,0
1,0,48,0,0
1,0,48,4.0,211192.909396
1,0,48,0,0
1,0,48,0,0
1,0,48,0,0
1,0,48,19.99596000000028,254134.41558400035
1,0,48,0,66.0
1,0,48,0,0
1,0,48,0,0
1,0,48,150.05350719999996,17609.549232
1,0,48,1.0,761776.294648
1,0,48,0,0
1,0,48,0,0
1,0,48,432.7579120000002,9776.908463999996
1,0,48,1.0,0
1,0,48,0,0
1,0,48,0,0
1,0,48,15.0,66.0
1,0,48,838.649864,759088.902736
1,0,48,0,0
1,0,48,0,325.44464320000066
1,0,48,150.47081199999997,0
1,0,48,0,0
1,0,48,0,0
1,0,48,0,0
1,0,48,298.3692000000006,0
1,0,48,0,0
1,0,48,0,0
1,0,48,0,0
1,0,48,79.9391359999994,772389.061464
1,0,48,679.9430559999998,141883.54623999982
1,0,48,207.4062399999999,579621.5496799999
1,0,48,0,0
1,0,48,0,0
1,0,48,0,0
1,0,48,2.0,4415.276639999991
1,0,48,16.0,550113.5708319999
1,0,48,474.6231039999993,5675.569152
1,0,48,782.1855999999998,723864.8139840004
1,0,48,0,0
1,0,48,0,0
1,0,48,583.40384,188391.57849599997
1,0,48,0,0
1,0,48,0,0
1,0,48,0,0
1,0,48,24.945959999999616,558070.29792
1,0,48,0,0
1,0,48,0,0
1,0,48,0,0
1,0,48,155.68302399999965,199184.46592
1,0,48,35.70710400000007,688745.6220855999
1,0,48,616.388968,155.24366159999988
1,0,48,624.09496,186977.4261279999
1,0,48,594.1684480000001,350.0
1,0,48,15.0,558118.8482400001
1,0,48,0,0
1,0,48,0,0
1,0,48,0,0
1,0,48,0,0
1,0,48,0,0
1,0,48,593.8786,687433.3273408003
1,0,48,626.244256,486433.37188
1,0,48,0,0
1,0,48,0,0
1,0,48,0,0
1,0,48,0,0
1,0,48,1.0,284.43105680000014
1,0,48,0,0
1,0,48,0,17471.187808
1,0,48,0,0
1,0,48,435.7439968,772206.813024
1,0,48,633.5346400000005,797468.35936
1,0,48,0,385942.36087999976
1,0,48,0,106.19337599999994
1,0,48,0,0
1,0,48,0,0
1,0,48,0,68.16821599999999
1,0,48,0,0
1,0,48,0,0
1,0,48,0,0
1,0,48,315.56858879999885,244917.01393599942
1,0,48,279.11209600000007,525619.3183943995
1,0,48,613.10224,250359.60745599994
1,0,48,0,0
1,0,48,0,0
1,0,48,4.892815999999982,531923.3557871998
1,0,48,280.3885696,351773.670592
1,0,48,277.13286400000004,68.18203039999999
1,0,48,0,0
1,0,48,34.786295999999965,758340.7524639999
1,0,48,600.2766399999998,554651.996256
1,0,48,0,0
1,0,48,0,0
1,0,48,149.32856800000002,558143.503416
1,0,48,0,0
1,0,48,0,0
1,0,48,0,66.0
1,0,48,0,393539.94790399994
1,0,48,372.2872080000014,796478.30106
1,0,48,0,0
1,0,48,12.495864000000012,162.11873600000013
1,0,48,16.0,194760.23595999993
1,0,48,4.0,17645.560896
1,0,48,0,0
1,0,48,0,0
1,0,48,0,0
1,0,48,0,0
1,0,48,0,0
1,0,48,0,0
1,0,48,0,0
1,0,48,0,0
1,0,48,0,0
1,0,48,0,0
1,0,48,0,0
1,0,48,0,0
1,0,48,0,0
1,0,48,0,0
1,0,48,0,0
1,0,48,16.0,0
1,0,48,15.0,296.73060799999985
1,0,48,0,0
1,0,48,148.0,0
1,0,48,0,0
1,0,48,0,0
1,0,48,0,0
1,0,48,0,0
1,0,48,2.0,50155.23049600012
1,0,48,0,0
1,0,48,0,0
1,0,48,0,0
1,0,48,0,0
1,0,48,0,0
1,0,48,0,0
1,0,48,0,0
1,0,48,0,0
1,0,48,0,0
1,0,48,0,0
1,0,48,2.0,0
1,0,48,0,0
1,0,48,0,0
1,0,48,0,0
1,0,48,0,66.0
1,0,48,240.21354400000013,1049828.7330616005
1,0,48,219.33112000000023,158.0
1,0,48,0,0
1,0,48,0,0
1,0,48,612.120928,552719.5424800003
1,0,48,688.0,364215.538016
1,0,48,407.6864391999999,1042362.3838000001
1,0,48,16.0,560865.7363839999
1,0,48,1.0,556871.2094544001
1,0,48,801.0160639999999,1022460.9582
1,0,48,290.1141232000001,244459.52490400005
1,0,48,592.991992,352903.21734400006
1,0,48,894.4769039999998,1108857.5229200001
1,0,48,647.525984,726376.332816
1,0,48,874.5135472000001,774622.2207168001
1,0,48,370.0447439999987,878789.82612
1,0,48,148.0,623819.2541999999
1,0,48,815.16516,487795.2748800002
1,0,48,837.0863119999999,556912.694784
1,0,48,689.095904,665356.26208
1,0,48,625.808368,1058920.2252159999
1,0,48,624.503872,694599.0975472
1,0,48,774.8822720000003,1161391.6111776002
1,0,48,860.9069920000001,1087764.824576
1,0,48,598.4314,876259.4668
1,0,48,792.6530560000001,355450.7441920001
1,0,48,525.1414207999999,797314.97008
1,0,48,724.0,485943.380872
1,0,48,823.3509152000001,921119.84808
1,0,48,835.5244479999999,1108627.9984639997
1,0,48,804.303328,735363.3239279992
1,0,48,682.3383879999998,1062056.674072
1,0,48,833.1926000000001,871966.547824
1,0,48,801.5346320000001,554081.2790496
1,0,48,16.45284000000001,1097638.3809199997
1,0,48,715.7760479999995,211.62892800000108
1,0,48,801.801224,1022510.1122399999
1,0,48,563.9949919999997,1061560.5861448
1,0,48,186.0505600000004,709739.5452800001
1,0,48,806.7565071999999,847269.5574464002
1,0,48,525.9280639999997,36078.01395200031
1,0,48,628.34008,69.0
1,0,48,834.0117568,807147.9723711999
1,0,48,627.215968,260152.86482080014
1,0,48,709.5706992,749725.1626104
1,0,48,862.5997839999998,720022.0131840007
1,0,48,622.358656,17671.52116
1,0,48,775.3614080000002,1091402.595104
1,0,48,858.6941919999999,759781.162672
1,0,48,830.1286400000004,66.0
1,0,48,413.43700480000007,1022479.12488
1,0,48,434.97065920000006,786825.1592319999
1,0,48,23.21364000000048,1108383.9607520003
1,0,48,288.55487199999993,876246.27244
1,0,48,820.5218959999999,1191736.9361055996
1,0,48,856.3515808000001,1033884.322688
1,0,48,941.1457039999998,1231456.248984
1,0,48,722.816704,914744.5213696
1,0,48,0,0
1,0,48,891.7220880000002,539879.1195999996
1,0,48,514.0,503456.8111439999
1,0,48,0,0
1,0,48,0,0
1,0,48,0,0
1,0,48,0,0
1,0,48,0,0
1,0,48,148.0,375.3224719999997
1,0,48,0,0
1,0,48,0,0
1,0,48,838.743752,927281.642096
1,0,48,0,9007.373328000018
1,0,48,0,0
1,0,48,17.99108000000004,0
1,0,48,0,0
1,0,48,0,0
1,0,48,1.0,0
1,0,48,0,0
1,0,48,0,0
1,0,48,0,0
1,0,48,722.0747536,1127211.4164800001
1,0,48,0,0
1,0,48,0,0
1,0,48,0,0
1,0,48,0,0
1,0,48,0,0
1,0,48,0,0
1,0,48,0,0
1,0,48,0,0
1,0,48,784.3275519999997,596262.0166640002
1,0,48,838.3322287999999,616031.5400999996
1,0,48,0,0
1,0,48,0,0
1,0,48,15.091936000000004,751505.2501679995
1,0,48,15.0,240.26508800000101
1,0,48,0,0
1,0,48,0,66.0
1,0,48,564.425912,190247.54331839996
1,0,48,0,1037698.0624640002
1,0,48,0,0
1,0,48,0,0
1,0,48,4.0,658433.8302399998
1,0,48,0,0
1,0,48,0,0
1,0,48,0,0
1,0,48,148.0,17763.561524800007
1,0,48,16.0,158.0
1,0,48,0,0
1,0,48,0,0
1,0,48,530.4911359999998,772412.259144
1,0,48,188.08916800000006,1058853.222016
1,0,48,0,0
1,0,48,0,0
1,0,48,17.0,1035545.6126720001
1,0,48,0,0
1,0,48,0,0
1,0,48,0,0
1,0,48,291.4062399999999,30155.74368320015
1,0,48,895.5575736,17613.145344
1,0,48,0,0
1,0,48,0,68.5011344
1,0,48,553.800152,3743.8631999999902
1,0,48,0,0
1,0,48,0,0
1,0,48,0,0
1,0,48,510.22032799999977,98.06587199999925
1,0,48,0,0
1,0,48,0,0
1,0,48,0,0
1,0,48,689.5498399999999,876239.7382
1,0,48,806.33896,913279.9416639998
1,0,48,13.949399999999997,722642.3911679996
1,0,48,0,0
1,0,48,0,0
1,0,48,0,0
1,0,48,0,285.793448
1,0,48,12.410687999999936,425422.4948480007
1,0,48,434.91515200000003,754095.4974720001
1,0,48,829.3556000000001,742484.2151735993
1,0,48,0,0
1,0,48,0,0
1,0,48,617.1740319999999,758998.6342192001
1,0,48,0,0
1,0,48,0,0
1,0,48,0,0
1,0,48,414.6195328000001,724402.5636480001
1,0,48,0,0
1,0,48,0,0
1,0,48,0,0
1,0,48,16.0,0
1,0,48,9.0,210345.16857999994
1,0,48,809.1949599999999,16738.850396800022
1,0,48,758.9807360000009,776239.1102208
1,0,48,787.0516479999997,485919.05351679993
1,0,48,666.8639359999997,764317.7674719999
1,0,48,0,0
1,0,48,0,0
1,0,48,0,0
1,0,48,0,0
1,0,48,0,0
1,0,48,648.0356575999999,792103.46752
1,0,48,622.5739599999999,1084815.9958559999
1,0,48,0,0
1,0,48,0,0
1,0,48,0,0
1,0,48,0,0
1,0,48,0,66.0
1,0,48,0,0
1,0,48,526.3342880000004,66.0
1,0,48,0,0
1,0,48,796.039,156962.877736
1,0,48,828.52712,1037474.5422080001
1,0,48,35.7583176,803866.2544
1,0,48,0,389.7599551999995
1,0,48,0,0
1,0,48,0,0
1,0,48,0,0
1,0,48,0,0
1,0,48,0,0
1,0,48,0,0
1,0,48,399.252024,876243.9957999999
1,0,48,703.2927552,797027.03232
1,0,48,597.14584,855106.8871047997
1,0,48,0,0
1,0,48,0,0
1,0,48,654.927968,610311.3142111998
1,0,48,491.3407839999998,1013421.2728320002
1,0,48,623.215936,68.03755999999998
1,0,48,0,0
1,0,48,600.0,922347.7224479998
1,0,48,701.1471840000002,703915.7068960001
1,0,48,0,0
1,0,48,0,0
1,0,48,496.9456000000003,928342.69136
1,0,48,0,0
1,0,48,0,0
1,0,48,0,9047.010335999996
1,0,48,4.749199999999973,285946.82176799956
1,0,48,2.0,49676.82798399997
1,0,48,0,0
1,0,48,0,0
1,0,48,620.6344959999999,551634.6544096007
1,0,48,2.0,3945.012911999994
1,0,48,0,0
1,0,48,0,0
1,0,48,0,0
1,0,48,0,0
1,0,48,0,0
1,0,48,0,0
1,0,48,0,0
1,0,48,0,0
1,0,48,0,0
1,0,48,0,0
1,0,48,0,0
1,0,48,193.55057920000036,0
1,0,48,0,0
1,0,48,0,0
1,0,48,0,0
1,0,48,420.8457808000007,169.30261200000007
1,0,48,94.86214399999801,0
1,0,48,0,0
1,0,48,401.54260000000005,0
1,0,48,0,0
1,0,48,0,0
1,0,48,0,0
1,0,48,0,0
1,0,48,16.315367999999978,117.94982400000094
1,0,48,0,0
1,0,48,0,0
1,0,48,0,0
1,0,48,1.0,0
1,0,48,0,0
1,0,48,0,0
1,0,48,0,0
1,0,48,0,381.63003199999997
1,0,48,0,0
1,0,48,0,0
1,0,48,0,0
1,0,48,0,0
1,0,48,0,0
1,0,48,0,0
1,0,48,212.3976880000002,0
1,0,48,723.0441519999999,771916.6180464
1,0,48,711.978912,149.10746399999988
1,0,48,0,0
1,0,48,0,0
1,0,48,175.4830623999999,17800.239664000004
1,0,48,405.44053599999995,554171.410776
1,0,48,570.7264160000002,858075.2517040002
1,0,48,538.275872,17538.54556
1,0,48,0,935108.7895999999
1,0,48,839.895248,907562.9875839993
1,0,48,780.7306240000003,771934.1309616
1,0,48,812.6251199999998,255489.22940799978
1,0,48,898.8157800000005,1228728.2990880006
1,0,48,16.0,37317.208710400046
1,0,48,855.8984320000001,1109035.4446880003
1,0,48,505.94702000000035,1044634.5553335996
1,0,48,442.788176,358219.9990160001
1,0,48,840.6307039999999,674955.4403816002
1,0,48,818.968568,1032357.3084416
1,0,48,881.4326216,1000345.5400400015
1,0,48,753.2176640000007,1009588.8299519998
1,0,48,573.8154320000001,754357.6488959999
1,0,48,724.0,1083426.14412
1,0,48,837.6431383999999,1072676.8535232
1,0,48,656.937632,557576.0478000001
1,0,48,688.0,776263.0826255998
1,0,48,798.2545119999997,935603.413184
1,0,48,880.5835999999999,35769.429248000655
1,0,48,656.949248,1057240.028608
1,0,48,842.4545216000001,1153755.7532160003
1,0,48,859.562632,1035266.3571200001
1,0,48,671.1375872000003,877676.38692
1,0,48,837.6534775999999,665614.373776
1,0,48,689.079776,158.0
1,0,48,623.9394159999999,1022739.0114559999
1,0,48,615.0,189215.56579199998
1,0,48,822.2244079999998,929092.422152
1,0,48,600.0,1150611.3283199996
1,0,48,25.100039999999836,1033714.2659839999
1,0,48,800.25292,883021.1113599993
1,0,48,531.8051360000001,845936.8236200002
1,0,48,724.0,353428.88377600006
1,0,48,799.49404,531209.0255999996
1,0,48,724.0,816097.1668799999
1,0,48,807.761248,1022516.0738400001
1,0,48,834.3240159999999,477562.78556480183
1,0,48,15.0,130089.53919999722
1,0,48,856.1763520000001,1061241.230584
1,0,48,815.7694799999999,1039359.4777856001
1,0,48,806.4024639999999,17553.315135999997
1,0,48,791.0137599999998,665133.5833599999
1,0,48,591.74104,1017141.5004671997
1,0,48,417.5350239999996,1059174.106432
1,0,48,723.057568,555623.0613984
1,0,48,801.402128,1152583.1819520001
1,0,48,788.021248,1083137.52516
1,0,48,838.935056,1156326.54456
1,0,48,597.39844,874326.9611200002
1,0,48,0,0
1,0,48,900.5191295999999,12064.931898399962
1,0,48,336.00223199999965,509702.12966399966
1,0,48,0,0
1,0,48,0,0
1,0,48,0,0
1,0,48,0,0
1,0,48,0,0
1,0,48,535.5225200000006,17600.936448
1,0,48,0,0
1,0,48,0,0
1,0,48,822.830384,772687.4049600001
1,0,48,2.0,8043.36983999999
1,0,48,0,0
1,0,48,282.47296239999974,0
1,0,48,0,0
1,0,48,0,0
1,0,48,1.0,161295.1181055999
1,0,48,0,0
1,0,48,0,0
1,0,48,0,0
1,0,48,15.66325599999999,1083564.1956000002
1,0,48,2.112560000000002,193.22644799999907
1,0,48,0,0
1,0,48,0,0
1,0,48,0,0
1,0,48,1.0,0
1,0,48,0,0
1,0,48,0,0
1,0,48,0,66.0
1,0,48,800.2825600000001,761586.414592
1,0,48,801.68672,700217.4092799998
1,0,48,0,0
1,0,48,0,0
1,0,48,615.0,784675.2292368001
1,0,48,0,45850.116015999876
1,0,48,0,0
1,0,48,0,0
1,0,48,688.0,17478.054016
1,0,48,16.432751999999994,888916.0925824003
1,0,48,0,0
1,0,48,0,0
1,0,48,13.409875199999988,806372.6803840001
1,0,48,1.635087999999996,0
1,0,48,0,0
1,0,48,0,0
1,0,48,226.54993600000006,634005.5162399993
1,0,48,4.759999999999991,17534.473708
1,0,48,0,0
1,0,48,0,0
1,0,48,805.6117551999998,17571.1268992
1,0,48,287.73961599999984,944497.8076255999
1,0,48,0,0
1,0,48,0,0
1,0,48,580.5168079999999,637299.6387599994
1,0,48,0,162.69588799999997
1,0,48,0,0
1,0,48,0,0
1,0,48,15.0,945.9050240000197
1,0,48,899.607504,555965.6474639999
1,0,48,15.581872000000004,0
1,0,48,0,298.0391456
1,0,48,318.7608240000008,0
1,0,48,0,0
1,0,48,0,0
1,0,48,0,0
1,0,48,514.0,688071.3098080005
1,0,48,0,0
1,0,48,0,0
1,0,48,0,0
1,0,48,411.009088,805859.8422399999
1,0,48,791.2041088000001,687336.5086239998
1,0,48,16.0,599371.7187680005
1,0,48,0,0
1,0,48,0,0
1,0,48,0,0
1,0,48,151.0,0
1,0,48,436.336,187983.33714239995
1,0,48,688.0,560473.52056
1,0,48,810.1667224000003,1034235.7120640001
1,0,48,0,0
1,0,48,0,0
1,0,48,2.0,354128.725312
1,0,48,0,0
1,0,48,0,0
1,0,48,0,0
1,0,48,4.0,787163.6780032001
1,0,48,0,0
1,0,48,0,0
1,0,48,0,0
1,0,48,440.7908384000001,17578.087327999998
1,0,48,220.62788800000015,1038991.1609599999
1,0,48,724.0,289388.68296880147
1,0,48,801.4532336,520435.9800960006
1,0,48,514.0,189008.49984
1,0,48,599.9596000000001,573363.9006200014
1,0,48,0,0
1,0,48,0,0
1,0,48,0,0
1,0,48,0,0
1,0,48,0,0
1,0,48,244.37070399999942,1059077.053312
1,0,48,797.6293600000001,758813.7349888
1,0,48,0,0
1,0,48,0,0
1,0,48,0,0
1,0,48,0,0
1,0,48,9.202224000000001,169.2438960000001
1,0,48,0,0
1,0,48,414.3676479999997,0
1,0,48,0,0
1,0,48,834.706528,482618.51091199875
1,0,48,625.0160896,1053523.925092
1,0,48,149.80988799999992,26122.904096000246
1,0,48,0,17667.189028
1,0,48,0,0
1,0,48,0,0
1,0,48,0,0
1,0,48,0,0
1,0,48,0,66.0
1,0,48,0,0
1,0,48,46.651248000000265,790229.4960640001
1,0,48,719.3371440000001,927421.892816
1,0,48,714.161232,441840.93996799906
1,0,48,0,160.3227680000001
1,0,48,0,0
1,0,48,600.2612799999999,427909.73631680047
1,0,48,33.43445280000003,0
1,0,48,15.740262400000006,66.0
1,0,48,0,0
1,0,48,674.5392400000002,929809.197848
1,0,48,805.2998799999999,755942.4011520001
1,0,48,0,0
1,0,48,0,0
1,0,48,631.868368,797494.404832
1,0,48,0,0
1,0,48,0,0
1,0,48,2.710015999999996,41.84019839999968
1,0,48,17.316968000000003,771945.0978647999
1,0,48,0,562655.21836
1,0,48,0,0
1,0,48,1.0,66.0
1,0,48,514.0,792787.5243519999
1,0,48,625.5092128,0
1,0,48,0,0
1,0,48,0,0
1,0,48,0,0
1,0,48,0,0
1,0,48,0,0
1,0,48,0,0
1,0,48,0,0
1,0,48,0,0
1,0,48,0,0
1,0,48,0,0
1,0,48,0,0
1,0,48,0,0
1,0,48,0,0
1,0,48,0,0
1,0,48,0,0
1,0,48,410.77523199999996,238.34940800000038
1,0,48,550.0392320000002,350.0
1,0,48,0,0
1,0,48,2.0,0
1,0,48,0,0
1,0,48,0,0
1,0,48,0,0
1,0,48,0,0
1,0,48,1.0,37249.76679999997
1,0,48,0,0
1,0,48,0,0
1,0,48,0,0
1,0,48,0,0
1,0,48,0,0
1,0,48,0,0
1,0,48,0,0
1,0,48,0,0
1,0,48,0,0
1,0,48,0,0
1,0,48,1.7184543999999988,0
1,0,48,0,0
1,0,48,0,0
1,0,48,0,0
1,0,48,1.8151719999999898,0
1,0,48,81.2904320000008,924661.4104800001
1,0,48,444.3222079999999,0
1,0,48,0,0
1,0,48,0,0
1,0,48,163.08863199999996,17665.156144
1,0,48,614.0396799999999,761045.2061055999
1,0,48,2.0,876253.9395999999
1,0,48,312.46996799999914,211704.40348
1,0,48,23.076479999999748,868085.0242240003
1,0,48,780.7735167999999,920419.7486399998
1,0,48,658.7404160000001,686560.2267280002
1,0,48,713.1239999999993,241497.06649600028
1,0,48,834.0009136,1119540.1931335998
1,0,48,1.0,10197.1393472
1,0,48,880.0259072000001,894800.9177727997
1,0,48,801.4566944000001,931006.0909999998
1,0,48,470.9240800000004,41209.85233600017
1,0,48,722.9491360000001,190564.072768
1,0,48,802.056064,877170.997248
1,0,48,652.9884368,836125.23968
1,0,48,623.1863679999999,1023739.168424
1,0,48,777.9002239999998,559205.20804
1,0,48,723.1008039999999,1053732.2054320003
1,0,48,834.0179919999999,1019743.774464
1,0,48,599.1351999999999,972275.8968799983
1,0,48,623.8238968,846483.1258400001
1,0,48,436.23037120000004,958679.8811360018
1,0,48,622.179796,10170.60368
1,0,48,637.7978319999995,868283.86252
1,0,48,804.7584832,1086935.8420159998
1,0,48,723.0917919999999,783186.3753648001
1,0,48,279.765664,934409.82224
1,0,48,839.2540159999999,693346.0153792
1,0,48,629.7364816,6175.083955200016
1,0,48,600.0,754332.0219648001
1,0,48,609.3711999999999,17671.146256
1,0,48,623.068444,797317.6734399999
1,0,48,34.20529920000004,1092846.7565600001
1,0,48,2.0,557790.484932
1,0,48,701.1452400000001,848348.216336
1,0,48,615.0,758229.9670576
1,0,48,689.577728,0
1,0,48,12.583776,190652.848
1,0,48,625.243264,194000.88952000006
1,0,48,723.4482736,772286.4477264
1,0,48,796.465516,8707.654920000004
1,0,48,421.45182400000016,66.0
1,0,48,597.7549599999999,914085.56074
1,0,48,805.0223440000003,962466.6402943999
1,0,48,688.4421104,68.32148000000001
1,0,48,514.0,645065.1425440004
1,0,48,424.4571520000002,809082.2072400003
1,0,48,279.4259199999999,1058741.550016
1,0,48,514.0,755649.8853119999
1,0,48,809.5773279999999,1083451.0509600001
1,0,48,836.8063040000001,772418.1678863999
1,0,48,870.6051520000001,1059316.2185104
1,0,48,551.1303199999999,756133.5379968
1,0,48,0,0
1,0,48,799.28212,17804.2884112
1,0,48,2.0,158.76563839999994
1,0,48,0,0
1,0,48,0,0
1,0,48,0,67.49407999999997
1,0,48,0,0
1,0,48,0,0
1,0,48,16.0,537611.9489752
1,0,48,0,0
1,0,48,0,0
1,0,48,663.7220480000001,821786.4583439996
1,0,48,3.0,17553.145024
1,0,48,0,0
1,0,48,409.2962560000001,0
1,0,48,0,0
1,0,48,0,0
1,0,48,3.764488,238.60487359999888
1,0,48,0,0
1,0,48,0,0
1,0,48,0,0
1,0,48,554.2926280000003,1027596.3499712
1,0,48,497.97543999999954,168.121656
1,0,48,0,0
1,0,48,0,0
1,0,48,0,0
1,0,48,0,0
1,0,48,0,0
1,0,48,0,0
1,0,48,0,0
1,0,48,414.840064,250565.22319360112
1,0,48,631.5644079999997,38413.04334399991
1,0,48,0,0
1,0,48,0,0
1,0,48,476.56468000000024,785943.357952
1,0,48,0,0
1,0,48,0,0
1,0,48,0,0
1,0,48,17.507897600000007,539254.8065440003
1,0,48,1.0,1040462.655104
1,0,48,0,0
1,0,48,0,0
1,0,48,278.086816,614780.4557999998
1,0,48,0,0
1,0,48,0,0
1,0,48,0,0
1,0,48,5.624672000000032,17614.0578768
1,0,48,16.0,13013.202116799994
1,0,48,0,0
1,0,48,0,0
1,0,48,438.34638400000006,359431.97804719995
1,0,48,1.0,759179.6686
1,0,48,0,0
1,0,48,0,258113.8819839992
1,0,48,622.126576,49230.18347199997
1,0,48,0,285.3178399999998
1,0,48,0,0
1,0,48,0,0
1,0,48,3.0,626863.4385599999
1,0,48,880.98848,665382.75928
1,0,48,0,0
1,0,48,4.23169519999999,0
1,0,48,1.0,638112.6487360001
1,0,48,0,0
1,0,48,0,0
1,0,48,0,0
1,0,48,724.0,11755.77738399999
1,0,48,0,0
1,0,48,0,0
1,0,48,0,0
1,0,48,435.34582720000003,793484.7157119999
1,0,48,796.2065200000002,1022794.8552800001
1,0,48,4.0,782113.3769328
1,0,48,0,0
1,0,48,0,0
1,0,48,0,0
1,0,48,3.065115999999989,89.88688800000097
1,0,48,2.0,5580.294336000012
1,0,48,615.0,665218.204
1,0,48,688.0,772145.8324559999
1,0,48,0,0
1,0,48,0,0
1,0,48,54.93995999999984,710815.2329599998
1,0,48,0,0
1,0,48,0,0
1,0,48,0,0
1,0,48,442.3853215999999,634422.6744000001
1,0,48,0,0
1,0,48,0,0
1,0,48,0,0
1,0,48,16.608407999999997,10189.28528
1,0,48,198.14744320000045,679692.0849488002
1,0,48,814.0506479999999,17602.654848
1,0,48,688.0,202046.67135999998
1,0,48,640.7901040000002,17552.8094848
1,0,48,723.87124,846878.046776
1,0,48,0,0
1,0,48,0,0
1,0,48,0,0
1,0,48,0,0
1,0,48,0,0
1,0,48,625.9321888000001,807879.3473760005
1,0,48,838.0987256,876252.4042
1,0,48,0,0
1,0,48,0,0
1,0,48,0,0
1,0,48,0,0
1,0,48,15.0,17599.5560352
1,0,48,0,0
1,0,48,9.0,0
1,0,48,0,0
1,0,48,622.7697519999999,163576.79942799965
1,0,48,622.380124,1009596.2396160001
1,0,48,4.0,184299.816412
1,0,48,0,0
1,0,48,0,0
1,0,48,0,0
1,0,48,0,0
1,0,48,0,0
1,0,48,0,0
1,0,48,0,0
1,0,48,0,798185.2569855999
1,0,48,627.077344,832554.9968399996
1,0,48,688.36112,797414.81488
1,0,48,0,0
1,0,48,0,0
1,0,48,614.9284600000001,11889.866511999982
1,0,48,146.2087,17613.763872
1,0,48,514.0,0
1,0,48,0,0
1,0,48,436.83116800000005,792678.6006400001
1,0,48,814.84902,928519.4172799999
1,0,48,0,0
1,0,48,0,0
1,0,48,406.77271599999995,751501.0695960002
1,0,48,0,0
1,0,48,0,0
1,0,48,15.0,0
1,0,48,0,10179.165632
1,0,48,2.0,665446.21624
1,0,48,0,0
1,0,48,1.0,158.0
1,0,48,551.7968672,576011.8510855997
1,0,48,2.0,66.0
1,0,48,0,0
1,0,48,0,0
1,0,48,0,0
1,0,48,0,0
1,0,48,0,0
1,0,48,0,0
1,0,48,0,0
1,0,48,0,0
1,0,48,0,0
1,0,48,0,0
1,0,48,0,0
1,0,48,17.58965599999999,69.0
1,0,48,0,0
1,0,48,0,0
1,0,48,0,0
1,0,48,83.81350400000076,0
1,0,48,3.0,343.03196799999984
1,0,48,0,0
1,0,48,591.456124,0
1,0,48,0,0
1,0,48,0,0
1,0,48,0,0
1,0,48,0,0
1,0,48,21.59904000000043,158.0
1,0,48,0,0
1,0,48,0,0
1,0,48,0,0
1,0,48,0,0
1,0,48,0,0
1,0,48,0,0
1,0,48,0,0
1,0,48,0,0
1,0,48,0,0
1,0,48,0,0
1,0,48,3.0,0
1,0,48,0,0
1,0,48,0,0
1,0,48,0,0
1,0,48,221.74460800000008,0
1,0,48,151.0,1038169.3702399998
1,0,48,719.6198879999996,0
1,0,48,0,0
1,0,48,0,0
1,0,48,613.3986400000001,491337.7047600004
1,0,48,624.0499839999999,710369.0547199999
1,0,48,444.29931200000004,998541.3146624002
1,0,48,513.3116239999999,688126.693396
1,0,48,0,756095.654016
1,0,48,817.9713199999999,930646.4255120002
1,0,48,197.84780800000044,847631.4515839999
1,0,48,855.9709504000001,17565.663808
1,0,48,834.264616,1126102.1199463997
1,0,48,628.71172,704082.53024
1,0,48,953.7388200000003,845650.1989160001
1,0,48,629.4185631999999,1087587.0461312002
1,0,48,627.5601664,725737.2883776
1,0,48,792.1642239999996,665292.9175839999
1,0,48,797.4979119999999,813643.3437839999
1,0,48,625.7257600000002,359139.88023199997
1,0,48,695.6308032000003,1114960.6158319998
1,0,48,596.8226199999999,507479.7905880005
1,0,48,651.203024,1060977.4900480001
1,0,48,855.611488,1025536.431848
1,0,48,151.0,1061117.5242808
1,0,48,821.6632375999999,756862.3952639999
1,0,48,519.2649519999998,934943.08952
1,0,48,625.2637119999999,534405.1037568
1,0,48,750.1923199999992,899095.6585600004
1,0,48,625.0976896,1162882.547904
1,0,48,791.3608960000001,789396.8169855999
1,0,48,174.0947919999996,1040637.3566720001
1,0,48,723.131824,797355.46768
1,0,48,723.8651824,164.21649599999992
1,0,48,636.9826479999995,913264.3875039998
1,0,48,632.8385920000005,190560.22113279998
1,0,48,808.3852000000002,782769.6668879999
1,0,48,574.0481119999995,998307.6126560017
1,0,48,148.0,876241.4986
1,0,48,839.1887839999999,838402.4456960001
1,0,48,548.5734559999996,656797.0189599998
1,0,48,757.9584895999999,0
1,0,48,702.4846560000004,732283.8692736
1,0,48,569.1445279999999,350.0
1,0,48,686.3996919999998,619567.4069999997
1,0,48,831.172304,9388.468730400024
1,0,48,16.0,560919.7645599999
1,0,48,673.3505199999996,1127272.22918
1,0,48,879.4847792,788941.2939520001
1,0,48,808.9852959999998,158.70334399999996
1,0,48,514.0,558022.50108
1,0,48,558.5234560000001,839705.278592
1,0,48,162.58679200000012,985081.9801759997
1,0,48,437.3480032,1030377.0246559998
1,0,48,634.7060080000001,1051748.884456
1,0,48,870.6361600000001,848137.307648
1,0,48,872.755516,1086835.8916159999
1,0,48,723.300532,763938.5808640003
1,0,48,0,0
1,0,48,842.1956000000002,771273.16768
1,0,48,423.96632800000003,9425.446583999998
1,0,48,0,0
1,0,48,0,0
1,0,48,0,158.22512
1,0,48,0,0
1,0,48,0,0
1,0,48,612.76288,609063.0116768001
1,0,48,0,0
1,0,48,0,0
1,0,48,801.925388,763775.5119759998
1,0,48,0,557333.1651600001
1,0,48,0,0
1,0,48,0,0
1,0,48,0,0
1,0,48,0,0
1,0,48,17.0,161.3847679999999
1,0,48,0,0
1,0,48,0,0
1,0,48,0,0
1,0,48,711.9130560000001,1022516.244264
1,0,48,0,0
1,0,48,0,0
1,0,48,0,0
1,0,48,0,0
1,0,48,0,0
1,0,48,0,0
1,0,48,0,0
1,0,48,0,0
1,0,48,548.1014960000002,188266.8491952
1,0,48,622.6194399999999,158.0
1,0,48,0,0
1,0,48,0,0
1,0,48,623.4448239999999,683328.599576
1,0,48,0,17563.206976
1,0,48,0,0
1,0,48,0,0
1,0,48,688.0,276651.0335520003
1,0,48,0,846234.8260256001
1,0,48,0,0
1,0,48,0,0
1,0,48,304.8580560000004,3019.1441760000266
1,0,48,0,0
1,0,48,0,0
1,0,48,0,0
1,0,48,2.9508896000000107,612391.6548368001
1,0,48,21.702000000000112,0
1,0,48,0,0
1,0,48,0,0
1,0,48,526.5236480000004,153.15936479999974
1,0,48,2.965481600000004,928124.2978879999
1,0,48,0,0
1,0,48,0,10185.344000000001
1,0,48,662.4295039999997,797321.89744
1,0,48,1.0,326.34208000000064
1,0,48,0,0
1,0,48,0,0
1,0,48,149.59036000000003,494218.41468000074
1,0,48,851.8586239999997,209305.9955199999
1,0,48,0,0
1,0,48,0,0
1,0,48,4.0,314.7592119999995
1,0,48,0,0
1,0,48,0,0
1,0,48,0,0
1,0,48,588.8285560000002,350902.37552799954
1,0,48,0,0
1,0,48,0,0
1,0,48,0,0
1,0,48,523.4699839999998,845663.6471360001
1,0,48,858.9485440000001,786995.0527359999
1,0,48,4.901455999999996,780841.2553391999
1,0,48,0,0
1,0,48,0,0
1,0,48,0,0
1,0,48,15.0,5997.016320000024
1,0,48,4.894652000000008,973.6175360000025
1,0,48,411.86579200000006,848038.146056
1,0,48,818.897084,794854.6867839999
1,0,48,0,0
1,0,48,0,0
1,0,48,224.89491999999984,877421.13384
1,0,48,0,0
1,0,48,0,0
1,0,48,0,0
1,0,48,623.4212656,628476.3312000001
1,0,48,0,0
1,0,48,0,0
1,0,48,0,0
1,0,48,408.5743936,234.8118272000005
1,0,48,398.535648,673509.5107327995
1,0,48,688.0,703437.01132
1,0,48,665.2816640000001,36700.52782399989
1,0,48,618.5306319999999,580130.6018479996
1,0,48,723.227488,1031053.5329863997
1,0,48,0,0
1,0,48,0,0
1,0,48,0,0
1,0,48,0,0
1,0,48,0,0
1,0,48,600.0,772229.5574159999
1,0,48,708.9089808,876249.3502
1,0,48,0,0
1,0,48,0,0
1,0,48,0,0
1,0,48,0,0
1,0,48,0,131.8003200000001
1,0,48,0,0
1,0,48,158.87399200000007,0
1,0,48,0,0
1,0,48,688.0,570101.658704
1,0,48,650.684768,923069.4246720003
1,0,48,16.0,872755.303216
1,0,48,0,616621.8824400004
1,0,48,0,0
1,0,48,0,0
1,0,48,0,0
1,0,48,0,0
1,0,48,0,0
1,0,48,0,0
1,0,48,2.08535839999999,992878.5478831982
1,0,48,399.685056,683436.9406400004
1,0,48,724.0,838845.1326463999
1,0,48,0,0
1,0,48,0,0
1,0,48,664.2304640000002,446357.54204479966
1,0,48,436.098304,15137.771824000029
1,0,48,439.52718400000003,229569.54803200095
1,0,48,0,0
1,0,48,586.3391199999999,1004712.9487135983
1,0,48,719.0382720000006,755832.7315584
1,0,48,0,0
1,0,48,0,0
1,0,48,648.5128736,754916.370048
1,0,48,0,0
1,0,48,0,0
1,0,48,15.0,106.40642399999948
1,0,48,0,2858.2398431999954
1,0,48,1.0,48875.86581759997
1,0,48,0,0
1,0,48,0,3123.539999999998
1,0,48,600.0,661027.6079199997
1,0,48,15.228040000000021,17576.4854656
1,0,48,0,0
1,0,48,0,0
1,0,48,0,0
1,0,48,0,0
1,0,48,0,0
1,0,48,0,0
1,0,48,0,0
1,0,48,0,0
1,0,48,0,0
1,0,48,0,0
1,0,48,0,0
1,0,48,435.44321439999993,0
1,0,48,0,0
1,0,48,0,0
1,0,48,0,0
1,0,48,405.68548,0
1,0,48,398.5873440000001,350.0
1,0,48,0,0
1,0,48,48.47752799999998,0
1,0,48,0,0
1,0,48,0,0
1,0,48,0,0
1,0,48,0,0
1,0,48,173.57180800000003,0
1,0,48,0,0
1,0,48,0,0
1,0,48,0,0
1,0,48,0,0
1,0,48,0,0
1,0,48,0,0
1,0,48,0,0
1,0,48,0,0
1,0,48,0,0
1,0,48,0,0
1,0,48,0,0
1,0,48,0,0
1,0,48,0,0
1,0,48,0,0
1,0,48,1.0,0
1,0,48,149.1612112,925724.63024
1,0,48,439.5428800000001,66.11768000000001
1,0,48,0,0
1,0,48,0,0
1,0,48,1.0,0
1,0,48,509.1170959999996,363690.28842560004
1,0,48,4.0,775609.7668559998
1,0,48,647.6217439999999,763656.8709856
1,0,48,319.43006400000036,929805.4042400001
1,0,48,689.861864,1060692.54544
1,0,48,668.2541311999998,189427.91530560004
1,0,48,808.5864640000002,185402.60104000004
1,0,48,722.1971920000001,1103121.6430879994
1,0,48,15.0,772309.189452
1,0,48,804.5725360000001,927838.29656
1,0,48,539.5180015999998,840860.2830080001
1,0,48,514.0,190654.95001600002
1,0,48,627.5431744000001,667032.4093279997
1,0,48,837.1334288,913036.1906944003
1,0,48,558.3572368000001,876250.70704
1,0,48,529.5346880000005,910871.4664
1,0,48,433.3046319999998,232.0
1,0,48,722.781112,1033184.241536
1,0,48,842.7178783999998,912195.8167119999
1,0,48,9.745391999999953,795015.0208959999
1,0,48,722.7348064,185393.4577024
1,0,48,655.6047679999999,761448.5191599999
1,0,48,723.077992,361.94278400000053
1,0,48,654.6195200000001,846845.2635679999
1,0,48,796.0788400000001,814796.72196
1,0,48,718.5628319999997,486346.4754856
1,0,48,435.27880000000005,1026090.8643296
1,0,48,648.1255136000001,801433.4901952003
1,0,48,584.177768,14708.609372799961
1,0,48,149.6428912,1084333.479024
1,0,48,446.9281599999997,183410.27195199992
1,0,48,625.08736,794769.909376
1,0,48,629.244976,1085967.0923760002
1,0,48,336.90535200000176,797395.555024
1,0,48,514.0,774335.778288
1,0,48,192.92070399999966,848019.4707920001
1,0,48,628.936336,66.24108800000002
1,0,48,618.6473920000001,557158.17762
1,0,48,618.2929119999999,68.86471999999999
1,0,48,801.710096,761313.9867424001
1,0,48,803.475868,796543.61136
1,0,48,595.241752,556057.5656399999
1,0,48,617.399656,794544.1945023999
1,0,48,611.3621920000002,786667.885312
1,0,48,675.8507199999999,0
1,0,48,600.0,769984.2483519997
1,0,48,434.7573424,873147.8718400002
1,0,48,251.29311039999968,753678.86112
1,0,48,4.1124320000000125,751016.1724271997
1,0,48,624.985312,1026139.268888
1,0,48,622.8729999999999,932701.1261599999
1,0,48,854.0502511999998,1100111.5700000003
1,0,48,303.4075872000001,602009.3731760002
1,0,48,0,0
1,0,48,822.1568047999998,66.0
1,0,48,402.4988320000002,163.27736
1,0,48,0,0
1,0,48,0,0
1,0,48,0,163.51069760000001
1,0,48,0,0
1,0,48,0,0
1,0,48,1.0,0
1,0,48,0,0
1,0,48,0,0
1,0,48,723.83992,506122.6657199998
1,0,48,2.0,932.5308799999952
1,0,48,0,0
1,0,48,16.737182399999995,0
1,0,48,0,0
1,0,48,0,0
1,0,48,1.0,0
1,0,48,0,0
1,0,48,0,0
1,0,48,0,0
1,0,48,601.2479199999998,909166.384816
1,0,48,0,0
1,0,48,0,0
1,0,48,0,0
1,0,48,0,0
1,0,48,0,0
1,0,48,0,0
1,0,48,0,0
1,0,48,0,0
1,0,48,446.30943999999977,775923.9322800002
1,0,48,722.6961759999999,808449.5583599996
1,0,48,0,0
1,0,48,0,0
1,0,48,2.0,859806.9921759996
1,0,48,0,355273.25520639995
1,0,48,0,0
1,0,48,0,0
1,0,48,626.77312,185982.3679695999
1,0,48,0,838419.9261440003
1,0,48,0,0
1,0,48,0,0
1,0,48,444.77991199999997,354086.477248
1,0,48,0,0
1,0,48,0,0
1,0,48,0,0
1,0,48,232.19792799999942,557429.51232
1,0,48,16.0,0
1,0,48,0,0
1,0,48,0,0
1,0,48,705.0827039999996,0
1,0,48,1.0,783016.9561632002
1,0,48,0,0
1,0,48,0,0
1,0,48,16.0,485676.5452768
1,0,48,0,0
1,0,48,0,0
1,0,48,0,0
1,0,48,16.0,17507.039488000002
1,0,48,855.6158464000001,457274.27838080045
1,0,48,0,0
1,0,48,0,17536.381240000002
1,0,48,282.2818000000001,298.25684
1,0,48,0,0
1,0,48,0,0
1,0,48,0,0
1,0,48,15.0,647342.9884000001
1,0,48,0,0
1,0,48,0,0
1,0,48,0,0
1,0,48,522.1016960000002,842399.7493759997
1,0,48,805.2778719999999,19419.0872960006
1,0,48,288.48654399999987,792283.7289664
1,0,48,0,0
1,0,48,0,0
1,0,48,0,0
1,0,48,1.0,0
1,0,48,15.0,17616.674339999998
1,0,48,442.84952000000015,157424.64249520007
1,0,48,797.7244,472944.205568001
1,0,48,0,0
1,0,48,0,0
1,0,48,518.8772079999999,600752.2363279999
1,0,48,0,0
1,0,48,0,0
1,0,48,0,0
1,0,48,585.9852040000001,554861.4841919999
1,0,48,0,0
1,0,48,0,0
1,0,48,0,0
1,0,48,501.70438159999975,356.23750399999926
1,0,48,279.2973759999999,775935.69744
1,0,48,212.74748799999992,17570.87776
1,0,48,554.6500480000002,190640.30848
1,0,48,559.2506607999999,555234.2719439999
1,0,48,418.7520879999998,65709.72428800126
1,0,48,0,0
1,0,48,0,0
1,0,48,0,0
1,0,48,0,0
1,0,48,0,0
1,0,48,1.0,17668.71244
1,0,48,440.88224959999997,771823.62468
1,0,48,0,0
1,0,48,0,0
1,0,48,0,0
1,0,48,0,0
1,0,48,0,0
1,0,48,0,0
1,0,48,15.0,556483.4659128
1,0,48,0,0
1,0,48,722.773696,188470.34908800005
1,0,48,706.9567199999999,797201.77524
1,0,48,0,8076.484007999962
1,0,48,0,17595.388304
1,0,48,0,0
1,0,48,0,0
1,0,48,0,0
1,0,48,0,0
1,0,48,0,68.23013600000002
1,0,48,0,0
1,0,48,588.69748,559704.9469000001
1,0,48,688.0,685076.6303176
1,0,48,553.767464,774273.7438079999
1,0,48,0,0
1,0,48,0,0
1,0,48,506.42453599999993,22721.96604799956
1,0,48,16.0,232.0
1,0,48,2.0,184620.51167200002
1,0,48,0,12518.788743999952
1,0,48,553.0843279999999,781276.0908480003
1,0,48,855.2966656,755239.01184
1,0,48,0,0
1,0,48,0,0
1,0,48,563.9560159999999,190624.4939008
1,0,48,0,0
1,0,48,0,0
1,0,48,4.0,0
1,0,48,16.0,695092.7636032001
1,0,48,133.91170000000048,17600.518512
1,0,48,0,0
1,0,48,13.217786399999994,37821.480471999945
1,0,48,437.300032,190596.4736512
1,0,48,0,0
1,0,48,0,0
1,0,48,0,0
1,0,48,0,0
1,0,48,0,0
1,0,48,0,0
1,0,48,0,0
1,0,48,0,0
1,0,48,0,0
1,0,48,0,0
1,0,48,0,0
1,0,48,0,0
1,0,48,283.0053280000001,0
1,0,48,2.0,0
1,0,48,0,0
1,0,48,0,0
1,0,48,4.0,158.0
1,0,48,206.01628000000017,0
1,0,48,0,0
1,0,48,2.0,0
1,0,48,0,0
1,0,48,0,0
1,0,48,0,0
1,0,48,0,0
1,0,48,1.0,141.3717359999998
1,0,48,0,0
1,0,48,0,0
1,0,48,0,0
1,0,48,0,0
1,0,48,0,0
1,0,48,0,0
1,0,48,0,0
1,0,48,0,0
1,0,48,0,0
1,0,48,0,0
1,0,48,0,0
1,0,48,0,0
1,0,48,0,0
1,0,48,0,0
1,0,48,15.0,10007.662991999994
1,0,48,16.0,1060374.921148
1,0,48,634.7701864000002,0
1,0,48,0,0
1,0,48,0,0
1,0,48,125.02059999999946,769585.4118879999
1,0,48,205.20778239999981,793887.0435520001
1,0,48,651.051536,823239.6211200003
1,0,48,693.4719696000001,628447.3464
1,0,48,0,993455.9196703993
1,0,48,885.1494119999998,910358.17912
1,0,48,628.663888,169898.0484879996
1,0,48,839.991536,731031.0919679996
1,0,48,864.7962520000001,1096290.7146320003
1,0,48,17.0,846905.247704
1,0,48,944.0291119999999,1068023.7003024006
1,0,48,814.10964,1058843.1025024
1,0,48,600.0,726973.4822399997
1,0,48,828.8871919999999,704483.4723200001
1,0,48,877.655528,878702.5665119999
1,0,48,636.7541680000004,975958.424287999
1,0,48,527.0731519999998,1032857.0766080001
1,0,48,443.5177664000001,613156.0333039997
1,0,48,651.7129855999999,1120864.2858560008
1,0,48,865.9069096,1037968.4463872
1,0,48,622.598608,927447.1894399999
1,0,48,873.8597679999998,1029867.543152
1,0,48,688.0,609415.2974600003
1,0,48,801.1839536,274.5468991999994
1,0,48,799.1745999999999,1061895.141928
1,0,48,806.0376352,1087044.3336319998
1,0,48,831.47096,797423.958256
1,0,48,614.718604,933093.4009519999
1,0,48,903.1398720000001,849002.6625440001
1,0,48,652.9957232,17658.4744032
1,0,48,148.0,1038787.0204159999
1,0,48,714.7280640000001,357024.52384000004
1,0,48,823.2395648,935609.0348
1,0,48,208.46503839999951,1185704.6135151996
1,0,48,481.18972000000065,1035351.4610048002
1,0,48,836.914448,865626.655
1,0,48,624.336448,876241.9258
1,0,48,612.138952,0
1,0,48,656.4280352000001,264073.56007200014
1,0,48,615.2298855999999,653854.0150000001
1,0,48,823.3206751999999,810670.9967039999
1,0,48,891.6031152,914370.1154559999
1,0,48,489.17081200000075,587201.9431039991
1,0,48,814.5230039999998,1130976.58832
1,0,48,838.856828,917592.2229599999
1,0,48,820.500224,17726.417776000002
1,0,48,291.33572800000024,547506.3637360001
1,0,48,593.9567199999999,1057144.6485376002
1,0,48,513.3778928000003,1061532.925552
1,0,48,136.1067999999992,874535.8025199999
1,0,48,622.381456,1151682.5379840003
1,0,48,839.713448,857924.1499839993
1,0,48,902.8674528,1149542.4975360003
1,0,48,689.2520672,1000115.9351936006
1,0,48,0,0
1,0,48,749.684287999999,350.0
1,0,48,563.89688,727210.596384
1,0,48,0,0
1,0,48,0,0
1,0,48,0,0
1,0,48,0,0
1,0,48,0,0
1,0,48,8.11923200000001,9973.7006136
1,0,48,0,0
1,0,48,0,0
1,0,48,837.424352,1031630.8550239999
1,0,48,0,0
1,0,48,0,0
1,0,48,172.90071999999986,0
1,0,48,0,0
1,0,48,0,0
1,0,48,3.609735999999998,0
1,0,48,0,0
1,0,48,0,0
1,0,48,0,0
1,0,48,547.0182559999997,1134458.3524991998
1,0,48,15.0,158.0
1,0,48,0,0
1,0,48,0,0
1,0,48,0,0
1,0,48,0,0
1,0,48,0,0
1,0,48,0,0
1,0,48,0,0
1,0,48,644.3070639999999,559391.97748
1,0,48,801.6407744,795914.99304
1,0,48,0,0
1,0,48,0,0
1,0,48,514.0,651628.73584
1,0,48,1.0,17543.691508
1,0,48,0,0
1,0,48,0,0
1,0,48,688.0,232.0
1,0,48,0,1078396.6520160004
1,0,48,0,0
1,0,48,0,0
1,0,48,207.90076480000016,876604.2731999999
1,0,48,0,0
1,0,48,0,0
1,0,48,0,0
1,0,48,444.370448,872862.4109199999
1,0,48,33.00667200000004,66.0
1,0,48,0,0
1,0,48,0,0
1,0,48,612.63652,758469.0360496
1,0,48,284.3664591999998,1058756.1688960001
1,0,48,0,0
1,0,48,0,0
1,0,48,151.0,909019.138768
1,0,48,0,4513.987583999969
1,0,48,0,0
1,0,48,0,0
1,0,48,333.4070399999996,333470.2528624
1,0,48,818.214248,33180.849727999586
1,0,48,0,0
1,0,48,1.0,0
1,0,48,442.191512,3094.864223999998
1,0,48,0,0
1,0,48,0,0
1,0,48,0,0
1,0,48,624.602272,802071.0156352
1,0,48,0,0
1,0,48,0,0
1,0,48,0,0
1,0,48,2.0,1010066.7532799998
1,0,48,801.41264,832979.1748200002
1,0,48,279.6575200000001,671616.3509552004
1,0,48,0,0
1,0,48,0,0
1,0,48,0,0
1,0,48,1.0,0
1,0,48,2.0,210387.75028
1,0,48,615.0,1004023.9702879991
1,0,48,801.1171039999999,1061291.7391599999
1,0,48,0,0
1,0,48,0,0
1,0,48,39.10581599999955,1084121.1575999998
1,0,48,0,0
1,0,48,0,0
1,0,48,0,0
1,0,48,552.28412,703462.857628
1,0,48,0,0
1,0,48,0,0
1,0,48,0,0
1,0,48,587.2627600000001,0
1,0,48,2.0,1022469.19752
1,0,48,592.79188,757783.953376
1,0,48,735.6005119999988,371143.7533279998
1,0,48,827.20784,422131.1574799998
1,0,48,835.515808,797872.5760000001
1,0,48,0,0
1,0,48,0,0
1,0,48,0,0
1,0,48,0,0
1,0,48,0,0
1,0,48,148.0,1022361.9276
1,0,48,838.6577408,928009.4081600001
1,0,48,0,0
1,0,48,0,0
1,0,48,0,0
1,0,48,0,0
1,0,48,0,304.78430800000075
1,0,48,0,0
1,0,48,2.3122400000000027,557905.787028
1,0,48,0,0
1,0,48,802.0376031999999,199360.10968
1,0,48,629.824,1030071.9551840001
1,0,48,177.75921759999997,786754.150528
1,0,48,0,249464.37712000022
1,0,48,0,0
1,0,48,0,0
1,0,48,0,0
1,0,48,0,0
1,0,48,0,0
1,0,48,0,0
1,0,48,666.9632384000006,910302.5816392002
1,0,48,648.1438015999998,42331.58368000007
1,0,48,681.4708600000001,932491.39664
1,0,48,0,17617.5009072
1,0,48,0,0
1,0,48,517.9268319999999,796170.4249199999
1,0,48,8.779846399999997,506417.82827999967
1,0,48,2.0,9020.094863999982
1,0,48,0,0
1,0,48,623.4758247999999,772072.146492
1,0,48,840.1706240000001,1084260.6734520001
1,0,48,0,0
1,0,48,0,0
1,0,48,590.14156,17670.84256
1,0,48,0,0
1,0,48,0,0
1,0,48,4.011382400000002,17665.547536
1,0,48,517.0647232000003,786306.0360064
1,0,48,16.0,546816.0365752003
1,0,48,0,0
1,0,48,0,0
1,0,48,591.6565600000001,703510.959928
1,0,48,3.0,3126.0322080000096
1,0,48,0,0
1,0,48,0,0
1,0,48,0,0
1,0,48,0,0
1,0,48,0,0
1,0,48,0,0
1,0,48,0,0
1,0,48,0,0
1,0,48,0,0
1,0,48,0,0
1,0,48,0,0
1,0,48,1.0,0
1,0,48,0,0
1,0,48,0,0
1,0,48,0,0
1,0,48,78.69163520000109,0
1,0,48,148.0,0
1,0,48,0,0
1,0,48,151.0,0
1,0,48,0,0
1,0,48,0,0
1,0,48,0,0
1,0,48,0,0
1,0,48,0,3860.3150880000194
1,0,48,0,0
1,0,48,0,0
1,0,48,0,0
1,0,48,0,0
1,0,48,0,0
1,0,48,0,0
1,0,48,0,0
1,0,48,0,293.1812864
1,0,48,0,0
1,0,48,0,0
1,0,48,0,0
1,0,48,0,0
1,0,48,0,0
1,0,48,0,0
1,0,48,0.9078495999999774,17575.0068352
